data/AbacusSummit_small_c000_ph3000_products/z0.200/powerAB_nfft864.csv
# %ECSV 0.9
# ---
# datatype:
# - {name: kmin, datatype: float64}
# - {name: kmax, datatype: float64}
# - {name: kavg, datatype: float64}
# - {name: power, datatype: float32}
# - {name: N_modes, datatype: uint64}
# meta:
#   AllowGroupFinding: 1
#   BackupDirectory: /mnt/bb/nmaksimova/AbacusSummit/AbacusSummit_small_c000_ph3000
#   BackupStepInterval: -1
#   BoxSize: 500.0
#   BoxSizeHMpc: 500.0
#   BoxSizeMpc: 742.2802850356294
#   CPD: 441
#   CodeVersion: e2acd003678c2dedf9558f56723e0803ac3f29e4
#   Conv_IOCores: 0
#   Conv_IOMode: overwrite
#   Conv_OMP_NUM_THREADS: 42
#   Conv_OMP_PLACES: '{0}:21:4,{88}:21:4'
#   Conv_OMP_PROC_BIND: spread
#   Conv_zwidth: 0
#   ConvolutionCacheSizeMB: 200
#   ConvolutionL1CacheSizeMB: 0.015625
#   CoordinateDistanceHMpc: 570.4284438651082
#   DeleteICsAfterFirstBackup: 1
#   DeltaEtaDrift: 0.0006431634606576253
#   DeltaRedshift: 0.000594239105311
#   DeltaScaleFactor: 0.000412461794582
#   DeltaTime: 0.000446420219047
#   DensityKernelRad: 0.4
#   DensityKernelRad2: 5.3583676e-08
#   DerivativeExpansionRadius: 8
#   DerivativesDirectory: /mnt/bb/nmaksimova/Derivatives
#   DirectBPD: 2
#   Do2LPTVelocityRereading: 0
#   DoublePrecision: 0
#   FinalRedshift: 0.2
#   FirstHalfEtaKick: 0.0002679516024475248
#   FoFLinkingLength: !!python/tuple [0.25, 0.25, 0.25]
#   FullStepNumber: 854
#   GPUQueueAssignments: !!python/tuple [0, 0, 0, 1, 1, 1]
#   GPUThreadCoreStart: !!python/tuple [72, 76, 80, 160, 164, 168]
#   GroupDirectory: /mnt/bb/nmaksimova/AbacusSummit/AbacusSummit_small_c000_ph3000/group
#   GroupRadius: 15
#   Growth: 0.709125958472415
#   Growth_on_a_n: 0.850531419915079
#   H0: 67.36
#   Htime: 0.861649856249735
#   HubbleNow: 1.108810072104326
#   HubbleTimeGyr: 14.516330166270784
#   HubbleTimeHGyr: 9.7782
#   ICFormat: RVZel
#   ICPositionRange: 500
#   ICVelocity2Displacement: 1.0
#   IOCores: !!python/tuple [68, 156]
#   IODirThreads: !!python/tuple [2, 2]
#   IODirs: multipole/write/
#   InitialConditionsDirectory: /mnt/bb/nmaksimova/AbacusSummit/AbacusSummit_small_c000_ph3000/ic
#   InitialRedshift: 99.0
#   L0DensityThreshold: 91.3941764831543
#   L1OutputRedshifts: !!python/tuple [8.0, 5.0, 3.0, 2.75, 2.5, 2.25, 2.0, 1.85, 1.7, 1.625, 1.55, 1.475, 1.4, 1.325, 1.25, 1.175, 1.1,
#     1.025, 0.95, 0.875, 0.8, 0.725, 0.65, 0.575, 0.5, 0.45, 0.4, 0.35, 0.3, 0.25, 0.2, 0.15, 0.1]
#   LPTStepNumber: 0
#   LagrangianPTOrder: 2
#   LastHalfEtaKick: 0.0002678852823647659
#   LightConeDirectory: /mnt/bb/nmaksimova/AbacusSummit/AbacusSummit_small_c000_ph3000/lightcone
#   LightConeOrigins: !!python/tuple [-990.0, -990.0, -990.0, -990.0, -990.0, -2990.0, -990.0, -2990.0, -990.0]
#   LogDirectory: /mnt/bb/nmaksimova/AbacusSummit/AbacusSummit_small_c000_ph3000/log
#   LogVerbosity: 2
#   MAXRAMMB: 100000
#   MachineName: b24n01
#   MicrostepTimeStep: 0
#   MinL1HaloNP: 35
#   MultipoleDirectory: /dev/shm/nmaksimova//AbacusSummit_small_c000_ph3000/multipole
#   MunmapThreadCore: 69
#   NGPUThreadCores: 2
#   NLightCones: 0
#   NP: 5159780352
#   N_ncdm: 1.0
#   N_ur: 2.0328
#   NearFieldRadius: 2
#   NodeRank: 0
#   NodeSize: 0
#   NumSlabsInsertList: 2
#   NumSlabsInsertListIC: 8
#   OMP_NUM_THREADS: 68
#   OMP_PLACES: ' {0}:17:4,{1}:17:4,{88}:17:4,{89}:17:4'
#   OMP_PROC_BIND: spread
#   OmegaNow_DE: 0.556999109176224
[...]
#   SofteningType: single_spline
#   StateIOMode: overwrite
#   TaylorDirectory: /dev/shm/nmaksimova//AbacusSummit_small_c000_ph3000/taylor
#   Time: 0.777094182247529
#   TimeSliceRedshifts_Subsample: !!python/tuple [1.4, 1.1, 0.8, 0.5, 0.4, 0.3, 0.2]
#   TimeStepAccel: 0.25
#   TimeStepDlna: 0.03
#   VelZSpace_to_Canonical: 0.770006994516893
#   VelZSpace_to_kms: 46200.41967101357
#   WorkingDirectory: /dev/shm/nmaksimova//AbacusSummit/AbacusSummit_small_c000_ph3000
#   ZD_NumBlock: 4
#   ZD_PLT_filename: /mnt/bb/nmaksimova/abacus/external/zeldovich-PLT/eigmodes128
#   ZD_PLT_target_z: 12.0
#   ZD_Pk_file_redshift: 1.0
#   ZD_Pk_filename: /mnt/bb/nmaksimova/abacus/external/AbacusSummit/Cosmologies/abacus_cosm000/CLASS_power
#   ZD_Pk_norm: 8.0
#   ZD_Pk_scale: 1.0
#   ZD_Pk_sigma_ratio: 0.02113950155394198
#   ZD_Pk_smooth: 0.0
#   ZD_Seed: 42321
#   ZD_Version: 2
#   ZD_f_cluster: 0.9954948095129318
#   ZD_k_cutoff: 1.0
#   ZD_mpirun_cmd: jsrun -n1 -cALL_CPUS -a1 -r1 -b rs
#   ZD_qPLT: 1
#   ZD_qPLT_rescale: 1
#   ZeldovichDirectory: /mnt/bb/nmaksimova/abacus/external/zeldovich-PLT
#   checkpoint_timeout: 5
#   etaD: -4.263250072323778
#   etaK: 3.04910477428485
#   f_growth: 0.636432597471204
#   fsmooth: 0.004505190487068
#   hMpc: 1
#   mpirun_cmd: jsrun -nALL_HOSTS -cALL_CPUS -a1 -r1 -gALL_GPUS -b none
#   nIODirs: 2
#   n_s: 0.9649
#   omega_b: 0.02237
#   omega_cdm: 0.12
#   omega_ncdm: 0.0006442
#   ppd: 1728.0
#   step_timeout: 15
#   w: -1.0
#   w0: -1.0
#   wa: 0.0
# schema: astropy-2.0
#kmin kmax kavg power N_modes
#0.0 0.005 0.0 2.7468159e-09 1
#0.005 0.01 nan nan 0
0.01 0.015 0.012566370614359173 9919.907 6
[from data line 653]
3.2800000000000002 3.285 3.282461170766419 58.10162 343896
3.285 3.29 3.287469545196519 58.054436 339956
3.29 3.295 3.292466311711719 58.0612 344262
3.295 3.3000000000000003 3.2974772432007833 57.5401 346032
3.3000000000000003 3.305 3.3024773957543805 57.640923 342894
3.305 3.31 3.30747248566501 57.368584 348164
3.31 3.315 3.312496899414647 57.427094 349680
3.315 3.3200000000000003 3.3175220621380013 57.20293 348870
3.3200000000000003 3.325 3.3225166773983554 57.24659 348708
3.325 3.33 3.327500967701433 56.941544 349656
3.33 3.335 3.3325033420900385 56.681328 351470
3.335 3.34 3.3374903204068356 56.614975 353160
3.34 3.345 3.342507194355158 56.60992 353370
3.345 3.35 3.3474802546643567 56.194885 353184
3.35 3.355 3.3524670882117205 56.108223 355400
3.355 3.36 3.3574971362622152 56.10267 360210
3.36 3.365 3.362509962621218 55.854637 358920
3.365 3.37 3.367535402704009 55.619305 359070
3.37 3.375 3.3724976426241877 55.521675 357104
3.375 3.38 3.377494573826199 55.546085 362076
3.38 3.3850000000000002 3.3824955321787677 55.147034 362118
3.3850000000000002 3.39 3.387509525760297 55.30139 365784
3.39 3.395 3.3925208044672366 54.897987 362538
3.395 3.4 3.397490330454425 54.66075 364784
3.4 3.4050000000000002 3.402474102286585 54.823204 363504
3.4050000000000002 3.41 3.4074738948783847 54.738445 370950
3.41 3.415 3.412514922015775 54.649117 371724
3.415 3.42 3.417522289109424 54.270607 367094
3.42 3.4250000000000003 3.4225049299740538 54.327007 371832
3.4250000000000003 3.43 3.4275090807892425 54.179344 371388
3.43 3.435 3.432506119875527 53.798622 372774
3.435 3.44 3.437501625534739 54.000477 374384
3.44 3.4450000000000003 3.4425106591132093 53.877697 376086
3.4450000000000003 3.45 3.4475080454747458 53.41011 375108
3.45 3.455 3.452493867010939 53.20159 377400
3.455 3.46 3.457525033307571 53.18846 381126
3.46 3.465 3.462508566580147 53.238056 376760
3.465 3.47 3.4675014289017967 53.11368 379938
3.47 3.475 3.47250144225352 52.988853 384384
3.475 3.48 3.4775065050115166 52.884743 381408
3.48 3.485 3.4825138883094566 52.51818 384938
3.485 3.49 3.487509088753192 52.467876 385344
3.49 3.495 3.49251941580339 52.486694 386094
3.495 3.5 3.4975208200419194 52.390358 388848
3.5 3.505 3.5025075480131367 51.986294 384092
3.505 3.5100000000000002 3.507480992923994 52.04777 389238
3.5100000000000002 3.515 3.5124791237945514 51.975212 392112
3.515 3.52 3.517505163795447 51.80118 392346
3.52 3.525 3.5225088346297992 51.597557 394968
3.525 3.5300000000000002 3.5275145991965564 51.599506 391712
3.5300000000000002 3.535 3.5324909096024593 51.275845 393630
3.535 3.54 3.537477261104062 51.330765 396396
3.54 3.545 3.5424835667982655 51.22554 397014
3.545 3.5500000000000003 3.5475103296202883 51.04928 403784
3.5500000000000003 3.555 3.5525198815669086 51.20653 395700
3.555 3.56 3.5574814221905693 51.035206 398118
3.56 3.565 3.562487981442529 50.723404 405696
3.565 3.5700000000000003 3.5675043919550666 50.530632 401438
3.5700000000000003 3.575 3.5725151237684343 50.35195 407772
3.575 3.58 3.577496341012459 50.297787 399384
3.58 3.585 3.58249534883451 50.128178 409950
3.585 3.59 3.587495809717396 49.938385 406260
3.59 3.595 3.5925031528979883 50.133904 409670
3.595 3.6 3.5975214602726386 49.870403 411864
3.6 3.605 3.6025234144154323 49.69235 410280
3.605 3.61 3.6075305368718746 49.58205 411642
3.61 3.615 3.6125005844461056 49.487133 410960
3.615 3.62 3.6174836259189753 49.567528 412230
3.62 3.625 3.622467258699513 49.206562 415776
3.625 3.63 3.627471608777974 48.84757 417612
3.63 3.6350000000000002 3.6324958494374275 48.976013 419126
3.6350000000000002 3.64 3.6374793950208453 48.978634 417144
3.64 3.645 3.6425100947958975 48.650146 423954
3.645 3.65 3.647510547433529 48.537266 420000
3.65 3.6550000000000002 3.6525111447535825 48.561558 423240
3.6550000000000002 3.66 3.6575088307386245 48.547867 421526
3.66 3.665 3.662497356360786 48.10136 425532
3.665 3.67 3.6674774742801723 48.025 421518
3.67 3.6750000000000003 3.6724770942972387 48.179684 431736
3.6750000000000003 3.68 3.677501331865671 48.12021 427292
3.68 3.685 3.6825003295823118 47.945602 429870
3.685 3.69 3.687481330497664 47.924553 427344
3.69 3.6950000000000003 3.692490685484144 47.592907 435870
3.6950000000000003 3.7 3.6974918160799177 47.409748 428940
3.7 3.705 3.7024718439934823 47.40757 435704
3.705 3.71 3.707519269495787 47.233414 439974
3.71 3.715 3.712506271218118 47.22849 430860
3.715 3.72 3.717476400131194 47.069645 437646
3.72 3.725 3.7224813389322633 46.91183 438320
3.725 3.73 3.7274791566379326 46.836903 442320
3.73 3.735 3.7325031323109843 46.796516 440418
3.735 3.74 3.737492653538655 46.544212 443184
3.74 3.745 3.7425140462926767 46.623775 444566
3.745 3.75 3.7475057766417668 46.33505 443268
3.75 3.755 3.752486608719235 46.28578 444168
3.755 3.7600000000000002 3.7574978886446986 46.297882 448878
3.7600000000000002 3.765 3.7624654509658964 46.11994 443400
3.765 3.77 3.7674566010350095 45.950623 450506
3.77 3.775 3.772473817993002 45.965324 453336
3.775 3.7800000000000002 3.7775025218362877 45.66584 454368
3.7800000000000002 3.785 3.782479803579804 45.713604 445782
3.785 3.79 3.78747143329182 45.605934 460340
3.79 3.795 3.7924673446785806 45.42671 448056
3.795 3.8000000000000003 3.79746008557581 45.295242 463014
3.8000000000000003 3.805 3.8024912287084702 45.144623 457212
3.805 3.81 3.807487503165623 45.111515 458582
3.81 3.815 3.812471487380696 44.831833 458448
3.815 3.8200000000000003 3.817466843835786 44.667824 461808
3.8200000000000003 3.825 3.8224893506822015 44.72858 465642
3.825 3.83 3.827498393155917 44.53791 464136
3.83 3.835 3.832522972361047 44.750206 467438
3.835 3.84 3.83751233626119 44.309273 463260
3.84 3.845 3.8424888819595195 44.41496 466512
3.845 3.85 3.8474890939145276 44.144512 467934
3.85 3.855 3.8524716886321118 44.073154 470000
3.855 3.86 3.8575042287452264 44.066982 474546
3.86 3.865 3.862505628796014 43.993496 471744
3.865 3.87 3.8675252101951827 43.945534 476376
3.87 3.875 3.872521671897178 43.724194 470690
3.875 3.88 3.8774932523929166 43.715446 476976
3.88 3.8850000000000002 3.882515144613643 43.580055 478254
3.8850000000000002 3.89 3.887510033738085 43.38018 478464
3.89 3.895 3.8924996392005227 43.317097 476964
3.895 3.9 3.897494838857393 43.181858 482654
3.9 3.9050000000000002 3.902507969724757 43.237366 483792
3.9050000000000002 3.91 3.907518167576234 43.216793 482682
3.91 3.915 3.9124924443105185 43.019928 481920
3.915 3.92 3.917486703573708 42.711548 486200
3.92 3.9250000000000003 3.9224950077247787 42.68573 489150
3.9250000000000003 3.93 3.9275036022862277 42.690403 487956
3.93 3.935 3.9325040350645186 42.475407 490038
3.935 3.94 3.9374828859297364 42.53278 486848
3.94 3.9450000000000003 3.9424828120736115 42.366753 496776
3.9450000000000003 3.95 3.9475019417684614 42.373497 490746
3.95 3.955 3.952500918421062 42.43562 498504
3.955 3.96 3.9574956245354485 42.265648 490014
3.96 3.9650000000000003 3.9624841219734344 42.016537 501404
3.9650000000000003 3.97 3.967491366966334 41.803047 495864
3.97 3.975 3.972508901088005 41.774403 504126
3.975 3.98 3.9775176442317814 41.623253 500760
3.98 3.985 3.982513133097986 41.61447 498770
3.985 3.99 3.9874888357484872 41.363113 503520
3.99 3.995 3.9924850859528536 41.400703 504576
3.995 4.0 3.997508797386803 41.338367 508434
4.0 4.005 4.002511912814153 41.225395 508304
4.005 4.01 4.007520752959895 41.07941 506382
4.01 4.015 4.012492614949729 40.96417 508512
4.015 4.0200000000000005 4.017471571784399 40.86704 507036
4.0200000000000005 4.025 4.022468829841744 40.82076 515526
4.025 4.03 4.027492810616819 40.820515 515960
4.03 4.035 4.032509575146358 40.66414 514578
4.035 4.04 4.037500305877422 40.68195 516912
4.04 4.045 4.04250311933287 40.534805 515448
4.045 4.05 4.047516655099232 40.4701 523934
4.05 4.055 4.052541695198544 40.227478 519972
4.055 4.0600000000000005 4.057523794915543 40.273125 517566
4.0600000000000005 4.065 4.0624902094271755 40.20683 518880
4.065 4.07 4.067476003789644 40.086834 525324
4.07 4.075 4.0725041120060474 39.96153 528758
4.075 4.08 4.077498941604502 39.85809 522816
4.08 4.085 4.082486662244216 39.80578 527886
4.085 4.09 4.087509246769576 39.712116 533772
4.09 4.095 4.092515441586409 39.58548 527792
4.095 4.1 4.097510252962737 39.58188 530478
4.1 4.105 4.102489952483376 39.51582 532704
4.105 4.11 4.107511720308227 39.389004 536754
4.11 4.115 4.112512806128078 39.221336 533816
4.115 4.12 4.11749721707897 39.080154 537144
4.12 4.125 4.122501886368908 39.100353 535698
4.125 4.13 4.127485171207107 39.014755 541008
4.13 4.135 4.132503853395749 38.914234 540726
4.135 4.14 4.137498889086855 38.803886 542888
4.14 4.1450000000000005 4.142490298926805 38.74727 539580
4.1450000000000005 4.15 4.147489055817951 38.67706 547590
4.15 4.155 4.15249591837524 38.54429 546000
4.155 4.16 4.1574829186691 38.401165 542978
4.16 4.165 4.162466121607668 38.4737 550128
4.165 4.17 4.1674828578104 38.246487 552480
4.17 4.175 4.172485712631322 38.143867 548382
4.175 4.18 4.177490419327452 38.074497 557012
4.18 4.1850000000000005 4.182508180858485 38.151943 552822
4.1850000000000005 4.19 4.18749858360645 37.915314 554400
4.19 4.195 4.192493268004493 37.93902 556332
4.195 4.2 4.1975055743083916 37.848793 560550
4.2 4.205 4.202519066401231 37.74722 559760
4.205 4.21 4.20750550270345 37.678886 556614
4.21 4.215 4.212486209865215 37.566906 561444
4.215 4.22 4.217493278239538 37.44366 567048
4.22 4.225 4.222506037342081 37.411053 560318
4.225 4.23 4.22748966635878 37.28464 568932
4.23 4.235 4.232495892681522 37.346897 564678
4.235 4.24 4.237496453821633 37.042793 569880
4.24 4.245 4.2425018986789595 37.05596 572408
4.245 4.25 4.247530864981445 36.960766 572802
4.25 4.255 4.252524244867975 36.939217 572064
4.255 4.26 4.257509200452016 36.745667 568878
4.26 4.265 4.262490917065494 36.761486 577464
4.265 4.2700000000000005 4.2675079088748005 36.696434 578492
4.2700000000000005 4.275 4.272517852836467 36.58833 576414
4.275 4.28 4.277490272604933 36.49195 577176
4.28 4.285 4.282488344211552 36.4294 580140
4.285 4.29 4.287482437469719 36.29084 582158
4.29 4.295 4.292487479798651 36.18882 584880
4.295 4.3 4.297496476603829 36.204727 584646
4.3 4.305 4.302485426593455 35.988705 584508
4.305 4.3100000000000005 4.307478063978631 35.7927 586712
4.3100000000000005 4.315 4.312485902748467 36.033905 592038
4.315 4.32 4.317514513922285 35.831974 592956
4.32 4.325 4.322518431827408 35.825535 590118
4.325 4.33 4.327490195132705 35.749874 588000
4.33 4.335 4.332484038630015 35.60057 598400
4.335 4.34 4.337511853215988 35.53442 596010
4.34 4.345 4.3424748649700184 35.540787 591096
4.345 4.3500000000000005 4.3474891371767495 35.392696 604902
4.3500000000000005 4.355 4.352485017013224 35.31104 594260
4.355 4.36 4.357477217628544 35.421223 605160
4.36 4.365 4.362507072694517 35.110603 603486
4.365 4.37 4.367511373978505 35.035896 607224
4.37 4.375 4.372527042643313 34.953617 602546
4.375 4.38 4.377511635772288 34.997112 608496
4.38 4.385 4.38251983419515 34.849197 607080
4.385 4.39 4.38750365576196 34.779964 606378
4.39 4.3950000000000005 4.392475039307203 34.82047 609048
4.3950000000000005 4.4 4.397500804816077 34.654125 617414
4.4 4.405 4.402512383419886 34.62129 614880
4.405 4.41 4.407512393417219 34.539127 611460
4.41 4.415 4.412499446974681 34.397697 617382
4.415 4.42 4.417507284306063 34.341312 618944
4.42 4.425 4.4225058077147335 34.273552 617814
4.425 4.43 4.4275145696797304 34.150444 624804
4.43 4.4350000000000005 4.432523296333219 34.115753 619368
4.4350000000000005 4.44 4.4375010167785405 34.013763 621150
4.44 4.445 4.442497334651612 34.031544 626780
4.445 4.45 4.447492436905459 33.919098 622470
4.45 4.455 4.452497246108068 33.740665 632736
4.455 4.46 4.457504763278535 33.72534 626976
4.46 4.465 4.462510456242834 33.703995 632018
4.465 4.47 4.46750154139411 33.537163 630264
4.47 4.4750000000000005 4.472497514233081 33.511562 632598
4.4750000000000005 4.48 4.477506217226354 33.486683 638460
4.48 4.485 4.482509973600853 33.43869 634520
4.485 4.49 4.487513717951215 33.368534 638022
4.49 4.495 4.492510569510935 33.294254 640272
4.495 4.5 4.497519934130335 33.24099 639018
4.5 4.505 4.502485042420601 33.17246 636672
4.505 4.51 4.507488810511086 33.114845 649040
4.51 4.515 4.51251554246165 33.02778 643434
4.515 4.5200000000000005 4.5174897763023525 32.86088 644232
4.5200000000000005 4.525 4.522495332735949 32.828873 648150
4.525 4.53 4.527500915754071 32.794643 652400
4.53 4.535 4.532503111659078 32.724663 646716
4.535 4.54 4.537487583502898 32.614105 651462
4.54 4.545 4.542493408779188 32.6205 655632
4.545 4.55 4.547496227006039 32.568455 651842
4.55 4.555 4.55249008877908 32.383865 659208
4.555 4.5600000000000005 4.557511182070067 32.399147 659640
4.5600000000000005 4.565 4.562502640546471 32.172245 654462
4.565 4.57 4.567498594638227 32.135746 664836
4.57 4.575 4.572493082101323 32.153572 655622
4.575 4.58 4.577491077281905 32.10179 669720
4.58 4.585 4.582496648434428 32.043037 660912
4.585 4.59 4.587490949854829 32.005295 667194
4.59 4.595 4.592507921235001 31.884657 672032
4.595 4.6000000000000005 4.5975223963498 31.808151 669270
4.6000000000000005 4.605 4.602505253440337 31.625391 665100
4.605 4.61 4.607489698670652 31.664438 675840
4.61 4.615 4.612512934585263 31.522112 672974
4.615 4.62 4.617487477610007 31.451847 672744
4.62 4.625 4.62248596130268 31.453054 675090
4.625 4.63 4.62750132085094 31.361843 684600
4.63 4.635 4.632516201208915 31.274574 679104
4.635 4.64 4.637517098312488 31.202124 677930
4.64 4.6450000000000005 4.642498747789893 31.151968 684120
4.6450000000000005 4.65 4.6475227814468445 31.011232 685494
4.65 4.655 4.65251083170192 31.03783 682680
4.655 4.66 4.657507744111349 30.984282 687980
4.66 4.665 4.662497174884885 30.925955 683526
4.665 4.67 4.667486613442535 30.840553 693864
4.67 4.675 4.672505473722337 30.822186 689778
4.675 4.68 4.677501465327771 30.819979 695120
4.68 4.6850000000000005 4.682508134227777 30.61963 693216
4.6850000000000005 4.69 4.687512292044685 30.653753 697110
4.69 4.695 4.6925257380549965 30.528845 699804
4.695 4.7 4.697517166223882 30.51517 694470
4.7 4.705 4.702503301291835 30.365313 699560
4.705 4.71 4.7074935952743635 30.366793 700212
4.71 4.715 4.712494719918612 30.331436 704982
4.715 4.72 4.717501357044842 30.349367 704640
4.72 4.7250000000000005 4.72249255757979 30.219845 703958
4.7250000000000005 4.73 4.727509374635886 30.107342 713268
4.73 4.735 4.732511309926203 30.027851 706776
4.735 4.74 4.737510301886413 30.013681 708414
4.74 4.745 4.742487761581318 29.900764 711788
4.745 4.75 4.747498521612612 29.880592 715632
4.75 4.755 4.752505190604642 29.800768 714174
4.755 4.76 4.757482988078462 29.71922 714144
4.76 4.765 4.762500739514697 29.695356 722370
4.765 4.7700000000000005 4.767500822542136 29.669651 718184
4.7700000000000005 4.775 4.7724999753952275 29.599182 720336
4.775 4.78 4.777516529623633 29.50088 729102
4.78 4.785 4.782525014919338 29.414457 721020
4.785 4.79 4.787507925135553 29.375607 721622
4.79 4.795 4.79249194023334 29.285084 730032
4.795 4.8 4.797517728708615 29.319735 730956
4.8 4.805 4.802518327775142 29.178102 728838
4.805 4.8100000000000005 4.807513647842498 29.097954 732528
4.8100000000000005 4.815 4.812506445616286 29.137259 730142
4.815 4.82 4.817485068584185 28.984 731316
4.82 4.825 4.822479983845276 28.879543 738888
4.825 4.83 4.827505364152953 28.834803 742134
4.83 4.835 4.832512296667666 28.72107 737684
4.835 4.84 4.837500664983775 28.805973 738870
4.84 4.845 4.842504074728717 28.696306 746568
4.845 4.8500000000000005 4.8474990733868015 28.723846 738504
4.8500000000000005 4.855 4.852499284950327 28.573282 749450
4.855 4.86 4.857482085375109 28.597897 740880
4.86 4.865 4.862486405811885 28.51108 752958
4.865 4.87 4.867509403826042 28.480228 754500
4.87 4.875 4.87250735203139 28.390448 747408
4.875 4.88 4.877510642143545 28.288858 755774
4.88 4.885 4.882511298248627 28.152456 755640
4.885 4.89 4.887510564893266 28.258566 752658
