data/AbacusSummit_small_c000_ph3000_products/z0.200/powerA_nfft864.csv
# %ECSV 0.9
# ---
# datatype:
# - {name: kmin, datatype: float64}
# - {name: kmax, datatype: float64}
# - {name: kavg, datatype: float64}
# - {name: power, datatype: float32}
# - {name: N_modes, datatype: uint64}
# meta:
#   AllowGroupFinding: 1
#   BackupDirectory: /mnt/bb/nmaksimova/AbacusSummit/AbacusSummit_small_c000_ph3000
#   BackupStepInterval: -1
#   BoxSize: 500.0
#   BoxSizeHMpc: 500.0
#   BoxSizeMpc: 742.2802850356294
#   CPD: 441
#   CodeVersion: e2acd003678c2dedf9558f56723e0803ac3f29e4
#   Conv_IOCores: 0
#   Conv_IOMode: overwrite
#   Conv_OMP_NUM_THREADS: 42
#   Conv_OMP_PLACES: '{0}:21:4,{88}:21:4'
#   Conv_OMP_PROC_BIND: spread
#   Conv_zwidth: 0
#   ConvolutionCacheSizeMB: 200
#   ConvolutionL1CacheSizeMB: 0.015625
#   CoordinateDistanceHMpc: 570.4284438651082
#   DeleteICsAfterFirstBackup: 1
#   DeltaEtaDrift: 0.0006431634606576253
#   DeltaRedshift: 0.000594239105311
#   DeltaScaleFactor: 0.000412461794582
#   DeltaTime: 0.000446420219047
#   DensityKernelRad: 0.4
#   DensityKernelRad2: 5.3583676e-08
#   DerivativeExpansionRadius: 8
#   DerivativesDirectory: /mnt/bb/nmaksimova/Derivatives
#   DirectBPD: 2
#   Do2LPTVelocityRereading: 0
#   DoublePrecision: 0
#   FinalRedshift: 0.2
#   FirstHalfEtaKick: 0.0002679516024475248
#   FoFLinkingLength: !!python/tuple [0.25, 0.25, 0.25]
#   FullStepNumber: 854
#   GPUQueueAssignments: !!python/tuple [0, 0, 0, 1, 1, 1]
#   GPUThreadCoreStart: !!python/tuple [72, 76, 80, 160, 164, 168]
#   GroupDirectory: /mnt/bb/nmaksimova/AbacusSummit/AbacusSummit_small_c000_ph3000/group
#   GroupRadius: 15
#   Growth: 0.709125958472415
#   Growth_on_a_n: 0.850531419915079
#   H0: 67.36
#   Htime: 0.861649856249735
#   HubbleNow: 1.108810072104326
#   HubbleTimeGyr: 14.516330166270784
#   HubbleTimeHGyr: 9.7782
#   ICFormat: RVZel
#   ICPositionRange: 500
#   ICVelocity2Displacement: 1.0
#   IOCores: !!python/tuple [68, 156]
#   IODirThreads: !!python/tuple [2, 2]
#   IODirs: multipole/write/
#   InitialConditionsDirectory: /mnt/bb/nmaksimova/AbacusSummit/AbacusSummit_small_c000_ph3000/ic
#   InitialRedshift: 99.0
#   L0DensityThreshold: 91.3941764831543
#   L1OutputRedshifts: !!python/tuple [8.0, 5.0, 3.0, 2.75, 2.5, 2.25, 2.0, 1.85, 1.7, 1.625, 1.55, 1.475, 1.4, 1.325, 1.25, 1.175, 1.1,
#     1.025, 0.95, 0.875, 0.8, 0.725, 0.65, 0.575, 0.5, 0.45, 0.4, 0.35, 0.3, 0.25, 0.2, 0.15, 0.1]
#   LPTStepNumber: 0
#   LagrangianPTOrder: 2
#   LastHalfEtaKick: 0.0002678852823647659
#   LightConeDirectory: /mnt/bb/nmaksimova/AbacusSummit/AbacusSummit_small_c000_ph3000/lightcone
#   LightConeOrigins: !!python/tuple [-990.0, -990.0, -990.0, -990.0, -990.0, -2990.0, -990.0, -2990.0, -990.0]
#   LogDirectory: /mnt/bb/nmaksimova/AbacusSummit/AbacusSummit_small_c000_ph3000/log
#   LogVerbosity: 2
#   MAXRAMMB: 100000
#   MachineName: b24n01
#   MicrostepTimeStep: 0
#   MinL1HaloNP: 35
#   MultipoleDirectory: /dev/shm/nmaksimova//AbacusSummit_small_c000_ph3000/multipole
#   MunmapThreadCore: 69
#   NGPUThreadCores: 2
#   NLightCones: 0
#   NP: 5159780352
#   N_ncdm: 1.0
#   N_ur: 2.0328
#   NearFieldRadius: 2
#   NodeRank: 0
#   NodeSize: 0
#   NumSlabsInsertList: 2
#   NumSlabsInsertListIC: 8
#   OMP_NUM_THREADS: 68
#   OMP_PLACES: ' {0}:17:4,{1}:17:4,{88}:17:4,{89}:17:4'
#   OMP_PROC_BIND: spread
#   OmegaNow_DE: 0.556999109176224
[...]
#   SofteningType: single_spline
#   StateIOMode: overwrite
#   TaylorDirectory: /dev/shm/nmaksimova//AbacusSummit_small_c000_ph3000/taylor
#   Time: 0.777094182247529
#   TimeSliceRedshifts_Subsample: !!python/tuple [1.4, 1.1, 0.8, 0.5, 0.4, 0.3, 0.2]
#   TimeStepAccel: 0.25
#   TimeStepDlna: 0.03
#   VelZSpace_to_Canonical: 0.770006994516893
#   VelZSpace_to_kms: 46200.41967101357
#   WorkingDirectory: /dev/shm/nmaksimova//AbacusSummit/AbacusSummit_small_c000_ph3000
#   ZD_NumBlock: 4
#   ZD_PLT_filename: /mnt/bb/nmaksimova/abacus/external/zeldovich-PLT/eigmodes128
#   ZD_PLT_target_z: 12.0
#   ZD_Pk_file_redshift: 1.0
#   ZD_Pk_filename: /mnt/bb/nmaksimova/abacus/external/AbacusSummit/Cosmologies/abacus_cosm000/CLASS_power
#   ZD_Pk_norm: 8.0
#   ZD_Pk_scale: 1.0
#   ZD_Pk_sigma_ratio: 0.02113950155394198
#   ZD_Pk_smooth: 0.0
#   ZD_Seed: 42321
#   ZD_Version: 2
#   ZD_f_cluster: 0.9954948095129318
#   ZD_k_cutoff: 1.0
#   ZD_mpirun_cmd: jsrun -n1 -cALL_CPUS -a1 -r1 -b rs
#   ZD_qPLT: 1
#   ZD_qPLT_rescale: 1
#   ZeldovichDirectory: /mnt/bb/nmaksimova/abacus/external/zeldovich-PLT
#   checkpoint_timeout: 5
#   etaD: -4.263250072323778
#   etaK: 3.04910477428485
#   f_growth: 0.636432597471204
#   fsmooth: 0.004505190487068
#   hMpc: 1
#   mpirun_cmd: jsrun -nALL_HOSTS -cALL_CPUS -a1 -r1 -gALL_GPUS -b none
#   nIODirs: 2
#   n_s: 0.9649
#   omega_b: 0.02237
#   omega_cdm: 0.12
#   omega_ncdm: 0.0006442
#   ppd: 1728.0
#   step_timeout: 15
#   w: -1.0
#   w0: -1.0
#   wa: 0.0
# schema: astropy-2.0
#kmin kmax kavg power N_modes
#0.0 0.005 0.0 3.2971548e-09 1
#0.005 0.01 nan nan 0
0.01 0.015 0.012566370614359173 9863.868 6
[from data line 653]
3.2800000000000002 3.285 3.282461170766419 58.6925 343896
3.285 3.29 3.287469545196519 58.62734 339956
3.29 3.295 3.292466311711719 58.631985 344262
3.295 3.3000000000000003 3.2974772432007833 58.103165 346032
3.3000000000000003 3.305 3.3024773957543805 58.218266 342894
3.305 3.31 3.30747248566501 57.943417 348164
3.31 3.315 3.312496899414647 58.010387 349680
3.315 3.3200000000000003 3.3175220621380013 57.782284 348870
3.3200000000000003 3.325 3.3225166773983554 57.813896 348708
3.325 3.33 3.327500967701433 57.51292 349656
3.33 3.335 3.3325033420900385 57.246517 351470
3.335 3.34 3.3374903204068356 57.172504 353160
3.34 3.345 3.342507194355158 57.15962 353370
3.345 3.35 3.3474802546643567 56.743828 353184
3.35 3.355 3.3524670882117205 56.694447 355400
3.355 3.36 3.3574971362622152 56.703457 360210
3.36 3.365 3.362509962621218 56.432095 358920
3.365 3.37 3.367535402704009 56.1955 359070
3.37 3.375 3.3724976426241877 56.08636 357104
3.375 3.38 3.377494573826199 56.117146 362076
3.38 3.3850000000000002 3.3824955321787677 55.698055 362118
3.3850000000000002 3.39 3.387509525760297 55.91853 365784
3.39 3.395 3.3925208044672366 55.526093 362538
3.395 3.4 3.397490330454425 55.22455 364784
3.4 3.4050000000000002 3.402474102286585 55.42702 363504
3.4050000000000002 3.41 3.4074738948783847 55.30003 370950
3.41 3.415 3.412514922015775 55.238235 371724
3.415 3.42 3.417522289109424 54.837135 367094
3.42 3.4250000000000003 3.4225049299740538 54.898964 371832
3.4250000000000003 3.43 3.4275090807892425 54.77164 371388
3.43 3.435 3.432506119875527 54.38418 372774
3.435 3.44 3.437501625534739 54.599075 374384
3.44 3.4450000000000003 3.4425106591132093 54.438522 376086
3.4450000000000003 3.45 3.4475080454747458 53.96191 375108
3.45 3.455 3.452493867010939 53.754128 377400
3.455 3.46 3.457525033307571 53.799644 381126
3.46 3.465 3.462508566580147 53.805443 376760
3.465 3.47 3.4675014289017967 53.690407 379938
3.47 3.475 3.47250144225352 53.593708 384384
3.475 3.48 3.4775065050115166 53.455162 381408
3.48 3.485 3.4825138883094566 53.08711 384938
3.485 3.49 3.487509088753192 53.066944 385344
3.49 3.495 3.49251941580339 53.06429 386094
3.495 3.5 3.4975208200419194 52.95803 388848
3.5 3.505 3.5025075480131367 52.553726 384092
3.505 3.5100000000000002 3.507480992923994 52.61112 389238
3.5100000000000002 3.515 3.5124791237945514 52.556957 392112
3.515 3.52 3.517505163795447 52.39073 392346
3.52 3.525 3.5225088346297992 52.15399 394968
3.525 3.5300000000000002 3.5275145991965564 52.18023 391712
3.5300000000000002 3.535 3.5324909096024593 51.861176 393630
3.535 3.54 3.537477261104062 51.901726 396396
3.54 3.545 3.5424835667982655 51.799114 397014
3.545 3.5500000000000003 3.5475103296202883 51.63097 403784
3.5500000000000003 3.555 3.5525198815669086 51.79267 395700
3.555 3.56 3.5574814221905693 51.61528 398118
3.56 3.565 3.562487981442529 51.265057 405696
3.565 3.5700000000000003 3.5675043919550666 51.106083 401438
3.5700000000000003 3.575 3.5725151237684343 50.940628 407772
3.575 3.58 3.577496341012459 50.918175 399384
3.58 3.585 3.58249534883451 50.72948 409950
3.585 3.59 3.587495809717396 50.517963 406260
3.59 3.595 3.5925031528979883 50.710484 409670
3.595 3.6 3.5975214602726386 50.433426 411864
3.6 3.605 3.6025234144154323 50.28465 410280
3.605 3.61 3.6075305368718746 50.15894 411642
3.61 3.615 3.6125005844461056 50.071205 410960
3.615 3.62 3.6174836259189753 50.125965 412230
3.62 3.625 3.622467258699513 49.763844 415776
3.625 3.63 3.627471608777974 49.414707 417612
3.63 3.6350000000000002 3.6324958494374275 49.533695 419126
3.6350000000000002 3.64 3.6374793950208453 49.550343 417144
3.64 3.645 3.6425100947958975 49.222294 423954
3.645 3.65 3.647510547433529 49.11502 420000
3.65 3.6550000000000002 3.6525111447535825 49.131187 423240
3.6550000000000002 3.66 3.6575088307386245 49.106007 421526
3.66 3.665 3.662497356360786 48.657005 425532
3.665 3.67 3.6674774742801723 48.594864 421518
3.67 3.6750000000000003 3.6724770942972387 48.766453 431736
3.6750000000000003 3.68 3.677501331865671 48.676758 427292
3.68 3.685 3.6825003295823118 48.530613 429870
3.685 3.69 3.687481330497664 48.499676 427344
3.69 3.6950000000000003 3.692490685484144 48.16626 435870
3.6950000000000003 3.7 3.6974918160799177 47.99733 428940
3.7 3.705 3.7024718439934823 47.964592 435704
3.705 3.71 3.707519269495787 47.81339 439974
3.71 3.715 3.712506271218118 47.80704 430860
3.715 3.72 3.717476400131194 47.6401 437646
3.72 3.725 3.7224813389322633 47.488647 438320
3.725 3.73 3.7274791566379326 47.392475 442320
3.73 3.735 3.7325031323109843 47.373505 440418
3.735 3.74 3.737492653538655 47.107246 443184
3.74 3.745 3.7425140462926767 47.22035 444566
3.745 3.75 3.7475057766417668 46.88737 443268
3.75 3.755 3.752486608719235 46.8788 444168
3.755 3.7600000000000002 3.7574978886446986 46.869114 448878
3.7600000000000002 3.765 3.7624654509658964 46.719067 443400
3.765 3.77 3.7674566010350095 46.53296 450506
3.77 3.775 3.772473817993002 46.54335 453336
3.775 3.7800000000000002 3.7775025218362877 46.248676 454368
3.7800000000000002 3.785 3.782479803579804 46.27092 445782
3.785 3.79 3.78747143329182 46.184277 460340
3.79 3.795 3.7924673446785806 45.983597 448056
3.795 3.8000000000000003 3.79746008557581 45.87965 463014
3.8000000000000003 3.805 3.8024912287084702 45.69938 457212
3.805 3.81 3.807487503165623 45.688057 458582
3.81 3.815 3.812471487380696 45.4087 458448
3.815 3.8200000000000003 3.817466843835786 45.24588 461808
3.8200000000000003 3.825 3.8224893506822015 45.2772 465642
3.825 3.83 3.827498393155917 45.1259 464136
3.83 3.835 3.832522972361047 45.32672 467438
3.835 3.84 3.83751233626119 44.883156 463260
3.84 3.845 3.8424888819595195 44.974487 466512
3.845 3.85 3.8474890939145276 44.725834 467934
3.85 3.855 3.8524716886321118 44.645996 470000
3.855 3.86 3.8575042287452264 44.632904 474546
3.86 3.865 3.862505628796014 44.535282 471744
3.865 3.87 3.8675252101951827 44.50108 476376
3.87 3.875 3.872521671897178 44.302254 470690
3.875 3.88 3.8774932523929166 44.303806 476976
3.88 3.8850000000000002 3.882515144613643 44.14318 478254
3.8850000000000002 3.89 3.887510033738085 43.923634 478464
3.89 3.895 3.8924996392005227 43.871887 476964
3.895 3.9 3.897494838857393 43.779186 482654
3.9 3.9050000000000002 3.902507969724757 43.808838 483792
3.9050000000000002 3.91 3.907518167576234 43.790016 482682
3.91 3.915 3.9124924443105185 43.600048 481920
3.915 3.92 3.917486703573708 43.271385 486200
3.92 3.9250000000000003 3.9224950077247787 43.270283 489150
3.9250000000000003 3.93 3.9275036022862277 43.2556 487956
3.93 3.935 3.9325040350645186 43.05345 490038
3.935 3.94 3.9374828859297364 43.10881 486848
3.94 3.9450000000000003 3.9424828120736115 42.95262 496776
3.9450000000000003 3.95 3.9475019417684614 42.94346 490746
3.95 3.955 3.952500918421062 43.01387 498504
3.955 3.96 3.9574956245354485 42.830566 490014
3.96 3.9650000000000003 3.9624841219734344 42.604794 501404
3.9650000000000003 3.97 3.967491366966334 42.40947 495864
3.97 3.975 3.972508901088005 42.3464 504126
3.975 3.98 3.9775176442317814 42.202236 500760
3.98 3.985 3.982513133097986 42.157158 498770
3.985 3.99 3.9874888357484872 41.948467 503520
3.99 3.995 3.9924850859528536 41.99142 504576
3.995 4.0 3.997508797386803 41.933575 508434
4.0 4.005 4.002511912814153 41.794167 508304
4.005 4.01 4.007520752959895 41.651493 506382
4.01 4.015 4.012492614949729 41.53545 508512
4.015 4.0200000000000005 4.017471571784399 41.41876 507036
4.0200000000000005 4.025 4.022468829841744 41.41828 515526
4.025 4.03 4.027492810616819 41.42025 515960
4.03 4.035 4.032509575146358 41.256958 514578
4.035 4.04 4.037500305877422 41.269997 516912
4.04 4.045 4.04250311933287 41.12072 515448
4.045 4.05 4.047516655099232 41.041065 523934
4.05 4.055 4.052541695198544 40.827038 519972
4.055 4.0600000000000005 4.057523794915543 40.845814 517566
4.0600000000000005 4.065 4.0624902094271755 40.8034 518880
4.065 4.07 4.067476003789644 40.681637 525324
4.07 4.075 4.0725041120060474 40.54088 528758
4.075 4.08 4.077498941604502 40.42347 522816
4.08 4.085 4.082486662244216 40.38283 527886
4.085 4.09 4.087509246769576 40.279854 533772
4.09 4.095 4.092515441586409 40.17345 527792
4.095 4.1 4.097510252962737 40.15045 530478
4.1 4.105 4.102489952483376 40.09829 532704
4.105 4.11 4.107511720308227 39.974926 536754
4.11 4.115 4.112512806128078 39.78699 533816
4.115 4.12 4.11749721707897 39.644943 537144
4.12 4.125 4.122501886368908 39.69126 535698
4.125 4.13 4.127485171207107 39.59242 541008
4.13 4.135 4.132503853395749 39.49801 540726
4.135 4.14 4.137498889086855 39.383152 542888
4.14 4.1450000000000005 4.142490298926805 39.319283 539580
4.1450000000000005 4.15 4.147489055817951 39.26188 547590
4.15 4.155 4.15249591837524 39.12423 546000
4.155 4.16 4.1574829186691 38.982758 542978
4.16 4.165 4.162466121607668 39.039627 550128
4.165 4.17 4.1674828578104 38.85788 552480
4.17 4.175 4.172485712631322 38.728424 548382
4.175 4.18 4.177490419327452 38.654152 557012
4.18 4.1850000000000005 4.182508180858485 38.728214 552822
4.1850000000000005 4.19 4.18749858360645 38.491 554400
4.19 4.195 4.192493268004493 38.490856 556332
4.195 4.2 4.1975055743083916 38.452454 560550
4.2 4.205 4.202519066401231 38.34331 559760
4.205 4.21 4.20750550270345 38.254192 556614
4.21 4.215 4.212486209865215 38.155586 561444
4.215 4.22 4.217493278239538 38.017597 567048
4.22 4.225 4.222506037342081 37.983486 560318
4.225 4.23 4.22748966635878 37.87051 568932
4.23 4.235 4.232495892681522 37.898556 564678
4.235 4.24 4.237496453821633 37.625027 569880
4.24 4.245 4.2425018986789595 37.63934 572408
4.245 4.25 4.247530864981445 37.543972 572802
4.25 4.255 4.252524244867975 37.505947 572064
4.255 4.26 4.257509200452016 37.329735 568878
4.26 4.265 4.262490917065494 37.328846 577464
4.265 4.2700000000000005 4.2675079088748005 37.274303 578492
4.2700000000000005 4.275 4.272517852836467 37.16141 576414
4.275 4.28 4.277490272604933 37.078922 577176
4.28 4.285 4.282488344211552 36.98994 580140
4.285 4.29 4.287482437469719 36.891068 582158
4.29 4.295 4.292487479798651 36.7584 584880
4.295 4.3 4.297496476603829 36.7851 584646
4.3 4.305 4.302485426593455 36.570034 584508
4.305 4.3100000000000005 4.307478063978631 36.375454 586712
4.3100000000000005 4.315 4.312485902748467 36.611084 592038
4.315 4.32 4.317514513922285 36.405205 592956
4.32 4.325 4.322518431827408 36.410645 590118
4.325 4.33 4.327490195132705 36.33482 588000
4.33 4.335 4.332484038630015 36.18339 598400
4.335 4.34 4.337511853215988 36.121334 596010
4.34 4.345 4.3424748649700184 36.094658 591096
4.345 4.3500000000000005 4.3474891371767495 35.987267 604902
4.3500000000000005 4.355 4.352485017013224 35.888783 594260
4.355 4.36 4.357477217628544 35.9942 605160
4.36 4.365 4.362507072694517 35.67033 603486
4.365 4.37 4.367511373978505 35.59261 607224
4.37 4.375 4.372527042643313 35.52638 602546
4.375 4.38 4.377511635772288 35.581333 608496
4.38 4.385 4.38251983419515 35.404205 607080
4.385 4.39 4.38750365576196 35.36286 606378
4.39 4.3950000000000005 4.392475039307203 35.418224 609048
4.3950000000000005 4.4 4.397500804816077 35.204334 617414
4.4 4.405 4.402512383419886 35.189587 614880
4.405 4.41 4.407512393417219 35.105488 611460
4.41 4.415 4.412499446974681 34.96206 617382
4.415 4.42 4.417507284306063 34.917107 618944
4.42 4.425 4.4225058077147335 34.8384 617814
4.425 4.43 4.4275145696797304 34.740543 624804
4.43 4.4350000000000005 4.432523296333219 34.70049 619368
4.4350000000000005 4.44 4.4375010167785405 34.588493 621150
4.44 4.445 4.442497334651612 34.603756 626780
4.445 4.45 4.447492436905459 34.4872 622470
4.45 4.455 4.452497246108068 34.30233 632736
4.455 4.46 4.457504763278535 34.29235 626976
4.46 4.465 4.462510456242834 34.280304 632018
4.465 4.47 4.46750154139411 34.11254 630264
4.47 4.4750000000000005 4.472497514233081 34.085278 632598
4.4750000000000005 4.48 4.477506217226354 34.07148 638460
4.48 4.485 4.482509973600853 34.016365 634520
4.485 4.49 4.487513717951215 33.95096 638022
4.49 4.495 4.492510569510935 33.890957 640272
4.495 4.5 4.497519934130335 33.805813 639018
4.5 4.505 4.502485042420601 33.745228 636672
4.505 4.51 4.507488810511086 33.701443 649040
4.51 4.515 4.51251554246165 33.6172 643434
4.515 4.5200000000000005 4.5174897763023525 33.43718 644232
4.5200000000000005 4.525 4.522495332735949 33.417522 648150
4.525 4.53 4.527500915754071 33.35217 652400
4.53 4.535 4.532503111659078 33.293144 646716
4.535 4.54 4.537487583502898 33.19632 651462
4.54 4.545 4.542493408779188 33.207146 655632
4.545 4.55 4.547496227006039 33.13975 651842
4.55 4.555 4.55249008877908 32.951996 659208
4.555 4.5600000000000005 4.557511182070067 32.971195 659640
4.5600000000000005 4.565 4.562502640546471 32.729343 654462
4.565 4.57 4.567498594638227 32.720253 664836
4.57 4.575 4.572493082101323 32.742725 655622
4.575 4.58 4.577491077281905 32.678577 669720
4.58 4.585 4.582496648434428 32.628826 660912
4.585 4.59 4.587490949854829 32.607094 667194
4.59 4.595 4.592507921235001 32.475876 672032
4.595 4.6000000000000005 4.5975223963498 32.37314 669270
4.6000000000000005 4.605 4.602505253440337 32.18755 665100
4.605 4.61 4.607489698670652 32.223152 675840
4.61 4.615 4.612512934585263 32.107292 672974
4.615 4.62 4.617487477610007 32.03544 672744
4.62 4.625 4.62248596130268 32.046204 675090
4.625 4.63 4.62750132085094 31.935385 684600
4.63 4.635 4.632516201208915 31.833708 679104
4.635 4.64 4.637517098312488 31.759724 677930
4.64 4.6450000000000005 4.642498747789893 31.718689 684120
4.6450000000000005 4.65 4.6475227814468445 31.577946 685494
4.65 4.655 4.65251083170192 31.608816 682680
4.655 4.66 4.657507744111349 31.565996 687980
4.66 4.665 4.662497174884885 31.497166 683526
4.665 4.67 4.667486613442535 31.416348 693864
4.67 4.675 4.672505473722337 31.39471 689778
4.675 4.68 4.677501465327771 31.394783 695120
4.68 4.6850000000000005 4.682508134227777 31.190512 693216
4.6850000000000005 4.69 4.687512292044685 31.229944 697110
4.69 4.695 4.6925257380549965 31.102955 699804
4.695 4.7 4.697517166223882 31.075773 694470
4.7 4.705 4.702503301291835 30.939325 699560
4.705 4.71 4.7074935952743635 30.937084 700212
4.71 4.715 4.712494719918612 30.916042 704982
4.715 4.72 4.717501357044842 30.918217 704640
4.72 4.7250000000000005 4.72249255757979 30.789766 703958
4.7250000000000005 4.73 4.727509374635886 30.691578 713268
4.73 4.735 4.732511309926203 30.603582 706776
4.735 4.74 4.737510301886413 30.599716 708414
4.74 4.745 4.742487761581318 30.483261 711788
4.745 4.75 4.747498521612612 30.456676 715632
4.75 4.755 4.752505190604642 30.387924 714174
4.755 4.76 4.757482988078462 30.311749 714144
4.76 4.765 4.762500739514697 30.261024 722370
4.765 4.7700000000000005 4.767500822542136 30.248343 718184
4.7700000000000005 4.775 4.7724999753952275 30.17622 720336
4.775 4.78 4.777516529623633 30.08173 729102
4.78 4.785 4.782525014919338 29.999193 721020
4.785 4.79 4.787507925135553 29.942715 721622
4.79 4.795 4.79249194023334 29.849352 730032
4.795 4.8 4.797517728708615 29.89862 730956
4.8 4.805 4.802518327775142 29.754 728838
4.805 4.8100000000000005 4.807513647842498 29.650274 732528
4.8100000000000005 4.815 4.812506445616286 29.738602 730142
4.815 4.82 4.817485068584185 29.54298 731316
4.82 4.825 4.822479983845276 29.464739 738888
4.825 4.83 4.827505364152953 29.413612 742134
4.83 4.835 4.832512296667666 29.30442 737684
4.835 4.84 4.837500664983775 29.37358 738870
4.84 4.845 4.842504074728717 29.272556 746568
4.845 4.8500000000000005 4.8474990733868015 29.306465 738504
4.8500000000000005 4.855 4.852499284950327 29.153051 749450
4.855 4.86 4.857482085375109 29.170502 740880
4.86 4.865 4.862486405811885 29.087633 752958
4.865 4.87 4.867509403826042 29.06062 754500
4.87 4.875 4.87250735203139 28.958035 747408
4.875 4.88 4.877510642143545 28.856823 755774
4.88 4.885 4.882511298248627 28.729017 755640
4.885 4.89 4.887510564893266 28.835144 752658
4.89 4.8950000000000005 4.892498822295532 28.78854 761136
