data/AbacusSummit_small_c000_ph3000_products/z0.200/powerAB_nfft864.csv
# %ECSV 0.9
# ---
# datatype:
# - {name: kmin, datatype: float64}
# - {name: kmax, datatype: float64}
# - {name: kavg, datatype: float64}
# - {name: power, datatype: float32}
# - {name: N_modes, datatype: uint64}
# meta:
#   AllowGroupFinding: 1
#   BackupDirectory: /mnt/bb/nmaksimova/AbacusSummit/AbacusSummit_small_c000_ph3000
#   BackupStepInterval: -1
#   BoxSize: 500.0
#   BoxSizeHMpc: 500.0
#   BoxSizeMpc: 742.2802850356294
#   CPD: 441
#   CodeVersion: e2acd003678c2dedf9558f56723e0803ac3f29e4
#   Conv_IOCores: 0
#   Conv_IOMode: overwrite
#   Conv_OMP_NUM_THREADS: 42
#   Conv_OMP_PLACES: '{0}:21:4,{88}:21:4'
#   Conv_OMP_PROC_BIND: spread
#   Conv_zwidth: 0
#   ConvolutionCacheSizeMB: 200
#   ConvolutionL1CacheSizeMB: 0.015625
#   CoordinateDistanceHMpc: 570.4284438651082
#   DeleteICsAfterFirstBackup: 1
#   DeltaEtaDrift: 0.0006431634606576253
#   DeltaRedshift: 0.000594239105311
#   DeltaScaleFactor: 0.000412461794582
#   DeltaTime: 0.000446420219047
#   DensityKernelRad: 0.4
#   DensityKernelRad2: 5.3583676e-08
#   DerivativeExpansionRadius: 8
#   DerivativesDirectory: /mnt/bb/nmaksimova/Derivatives
#   DirectBPD: 2
#   Do2LPTVelocityRereading: 0
#   DoublePrecision: 0
#   FinalRedshift: 0.2
#   FirstHalfEtaKick: 0.0002679516024475248
#   FoFLinkingLength: !!python/tuple [0.25, 0.25, 0.25]
#   FullStepNumber: 854
#   GPUQueueAssignments: !!python/tuple [0, 0, 0, 1, 1, 1]
#   GPUThreadCoreStart: !!python/tuple [72, 76, 80, 160, 164, 168]
#   GroupDirectory: /mnt/bb/nmaksimova/AbacusSummit/AbacusSummit_small_c000_ph3000/group
#   GroupRadius: 15
#   Growth: 0.709125958472415
#   Growth_on_a_n: 0.850531419915079
#   H0: 67.36
#   Htime: 0.861649856249735
#   HubbleNow: 1.108810072104326
#   HubbleTimeGyr: 14.516330166270784
#   HubbleTimeHGyr: 9.7782
#   ICFormat: RVZel
#   ICPositionRange: 500
#   ICVelocity2Displacement: 1.0
#   IOCores: !!python/tuple [68, 156]
#   IODirThreads: !!python/tuple [2, 2]
#   IODirs: multipole/write/
#   InitialConditionsDirectory: /mnt/bb/nmaksimova/AbacusSummit/AbacusSummit_small_c000_ph3000/ic
#   InitialRedshift: 99.0
#   L0DensityThreshold: 91.3941764831543
#   L1OutputRedshifts: !!python/tuple [8.0, 5.0, 3.0, 2.75, 2.5, 2.25, 2.0, 1.85, 1.7, 1.625, 1.55, 1.475, 1.4, 1.325, 1.25, 1.175, 1.1,
#     1.025, 0.95, 0.875, 0.8, 0.725, 0.65, 0.575, 0.5, 0.45, 0.4, 0.35, 0.3, 0.25, 0.2, 0.15, 0.1]
#   LPTStepNumber: 0
#   LagrangianPTOrder: 2
#   LastHalfEtaKick: 0.0002678852823647659
#   LightConeDirectory: /mnt/bb/nmaksimova/AbacusSummit/AbacusSummit_small_c000_ph3000/lightcone
#   LightConeOrigins: !!python/tuple [-990.0, -990.0, -990.0, -990.0, -990.0, -2990.0, -990.0, -2990.0, -990.0]
#   LogDirectory: /mnt/bb/nmaksimova/AbacusSummit/AbacusSummit_small_c000_ph3000/log
#   LogVerbosity: 2
#   MAXRAMMB: 100000
#   MachineName: b24n01
#   MicrostepTimeStep: 0
#   MinL1HaloNP: 35
#   MultipoleDirectory: /dev/shm/nmaksimova//AbacusSummit_small_c000_ph3000/multipole
#   MunmapThreadCore: 69
#   NGPUThreadCores: 2
#   NLightCones: 0
#   NP: 5159780352
#   N_ncdm: 1.0
#   N_ur: 2.0328
#   NearFieldRadius: 2
#   NodeRank: 0
#   NodeSize: 0
#   NumSlabsInsertList: 2
#   NumSlabsInsertListIC: 8
#   OMP_NUM_THREADS: 68
#   OMP_PLACES: ' {0}:17:4,{1}:17:4,{88}:17:4,{89}:17:4'
#   OMP_PROC_BIND: spread
#   OmegaNow_DE: 0.556999109176224
[...]
#   SofteningType: single_spline
#   StateIOMode: overwrite
#   TaylorDirectory: /dev/shm/nmaksimova//AbacusSummit_small_c000_ph3000/taylor
#   Time: 0.777094182247529
#   TimeSliceRedshifts_Subsample: !!python/tuple [1.4, 1.1, 0.8, 0.5, 0.4, 0.3, 0.2]
#   TimeStepAccel: 0.25
#   TimeStepDlna: 0.03
#   VelZSpace_to_Canonical: 0.770006994516893
#   VelZSpace_to_kms: 46200.41967101357
#   WorkingDirectory: /dev/shm/nmaksimova//AbacusSummit/AbacusSummit_small_c000_ph3000
#   ZD_NumBlock: 4
#   ZD_PLT_filename: /mnt/bb/nmaksimova/abacus/external/zeldovich-PLT/eigmodes128
#   ZD_PLT_target_z: 12.0
#   ZD_Pk_file_redshift: 1.0
#   ZD_Pk_filename: /mnt/bb/nmaksimova/abacus/external/AbacusSummit/Cosmologies/abacus_cosm000/CLASS_power
#   ZD_Pk_norm: 8.0
#   ZD_Pk_scale: 1.0
#   ZD_Pk_sigma_ratio: 0.02113950155394198
#   ZD_Pk_smooth: 0.0
#   ZD_Seed: 42321
#   ZD_Version: 2
#   ZD_f_cluster: 0.9954948095129318
#   ZD_k_cutoff: 1.0
#   ZD_mpirun_cmd: jsrun -n1 -cALL_CPUS -a1 -r1 -b rs
#   ZD_qPLT: 1
#   ZD_qPLT_rescale: 1
#   ZeldovichDirectory: /mnt/bb/nmaksimova/abacus/external/zeldovich-PLT
#   checkpoint_timeout: 5
#   etaD: -4.263250072323778
#   etaK: 3.04910477428485
#   f_growth: 0.636432597471204
#   fsmooth: 0.004505190487068
#   hMpc: 1
#   mpirun_cmd: jsrun -nALL_HOSTS -cALL_CPUS -a1 -r1 -gALL_GPUS -b none
#   nIODirs: 2
#   n_s: 0.9649
#   omega_b: 0.02237
#   omega_cdm: 0.12
#   omega_ncdm: 0.0006442
#   ppd: 1728.0
#   step_timeout: 15
#   w: -1.0
#   w0: -1.0
#   wa: 0.0
# schema: astropy-2.0
#kmin kmax kavg power N_modes
#0.0 0.005 0.0 2.7468159e-09 1
#0.005 0.01 nan nan 0
0.01 0.015 0.012566370614359173 9919.907 6
[from data line 976]
4.8950000000000005 4.9 4.897503868066947 27.997751 756104
4.9 4.905 4.902490608953207 27.93473 759018
4.905 4.91 4.907489402119913 28.025051 766992
4.91 4.915 4.912508381708587 28.064636 761934
4.915 4.92 4.917488240670972 27.82789 764744
4.92 4.925 4.922480150545901 27.750443 764580
4.925 4.93 4.9274818835788325 27.816944 771630
4.93 4.9350000000000005 4.932476206813154 27.716496 766152
4.9350000000000005 4.94 4.937468034073411 27.714 773190
4.94 4.945 4.942490128559553 27.575895 779540
4.945 4.95 4.94749729293684 27.566168 771072
4.95 4.955 4.952502848416723 27.477573 782046
4.955 4.96 4.9575209498606245 27.408466 778332
4.96 4.965 4.962508596305288 27.380499 775310
4.965 4.97 4.967497367074443 27.365768 782568
4.97 4.9750000000000005 4.972497500271059 27.34117 782880
4.9750000000000005 4.98 4.977525882098905 27.213598 790794
4.98 4.985 4.982511163272834 27.21882 777632
4.985 4.99 4.987481893350831 27.1597 785958
4.99 4.995 4.992498996916538 27.045639 795516
4.995 5.0 4.997507783171224 26.980072 789360
5.0 5.005 5.00252922777366 26.987608 796974
5.005 5.01 5.0075143083185925 26.875734 788600
5.01 5.015 5.012490611783459 26.86373 789426
5.015 5.0200000000000005 5.017484623108329 26.760817 804288
5.0200000000000005 5.025 5.022514381865192 26.765549 800544
5.025 5.03 5.0275079336645065 26.704641 794378
5.03 5.035 5.032484029120836 26.589617 803592
5.035 5.04 5.037503582493144 26.597223 804678
5.04 5.045 5.042498695758406 26.564001 804864
5.045 5.05 5.047496989228388 26.399769 805484
5.05 5.055 5.052499203534006 26.459194 809406
5.055 5.0600000000000005 5.057501668069669 26.440681 810144
5.0600000000000005 5.065 5.0624898289231375 26.22572 806946
5.065 5.07 5.067506581498735 26.291912 824472
5.07 5.075 5.072527945825957 26.253366 809048
5.075 5.08 5.077494497065519 26.115364 811326
5.08 5.085 5.082490957556697 26.117245 822228
5.085 5.09 5.087492789706495 26.052774 815358
5.09 5.095 5.092495696234009 26.07386 825512
5.095 5.1000000000000005 5.097507284298446 25.924337 824184
5.1000000000000005 5.105 5.10252001153425 25.923073 824658
5.105 5.11 5.107508937144958 25.931599 823632
5.11 5.115 5.112477673916645 25.815926 818678
5.115 5.12 5.117473058777518 25.744705 836724
5.12 5.125 5.122491092638506 25.725437 831672
5.125 5.13 5.127504289958977 25.685638 832254
5.13 5.135 5.132489318323856 25.58102 832896
5.135 5.14 5.1374923762375415 25.52235 834506
5.14 5.1450000000000005 5.142492580057449 25.49388 840024
5.1450000000000005 5.15 5.147496993465861 25.518747 839016
5.15 5.155 5.152501275778704 25.385685 838986
5.155 5.16 5.1574911438073325 25.392912 843656
5.16 5.165 5.162497950368677 25.348925 842622
5.165 5.17 5.167499164094317 25.293308 848136
5.17 5.175 5.172511768200574 25.223297 849084
5.175 5.18 5.177511089389836 25.174515 845502
5.18 5.1850000000000005 5.182511562234505 25.149734 855032
5.1850000000000005 5.19 5.187515415474286 25.049706 846498
5.19 5.195 5.192500135930127 25.062403 855744
5.195 5.2 5.197494222220572 24.937088 851448
5.2 5.205 5.202496559791726 24.955872 861014
5.205 5.21 5.20751042393666 24.88157 859836
5.21 5.215 5.2124973223725 24.916176 855288
5.215 5.22 5.217499025556198 24.82069 865686
5.22 5.2250000000000005 5.222496208569702 24.811077 860444
5.2250000000000005 5.23 5.227507381682088 24.743023 870846
5.23 5.235 5.232502264649525 24.696028 860688
5.235 5.24 5.237494222389212 24.673183 871992
5.24 5.245 5.242508830429553 24.589436 870522
5.245 5.25 5.24750548687888 24.597961 872576
5.25 5.255 5.25252228943946 24.512117 875694
5.255 5.26 5.257501426985633 24.441692 869112
5.26 5.265 5.262489939946041 24.434156 877860
5.265 5.2700000000000005 5.267478836551819 24.406813 871262
5.2700000000000005 5.275 5.27247234973816 24.298796 889104
5.275 5.28 5.277515518021672 24.317997 884418
5.28 5.285 5.282513520751778 24.290289 883632
5.285 5.29 5.287523149929662 24.198748 885848
5.29 5.295 5.292515981161616 24.16357 885102
5.295 5.3 5.297522077541294 24.217688 892812
5.3 5.305 5.302507582058664 24.05529 879078
5.305 5.3100000000000005 5.30748347451911 24.060907 897720
5.3100000000000005 5.315 5.312507579881192 24.012861 893996
5.315 5.32 5.317515147416968 23.925138 897798
5.32 5.325 5.322513021281637 23.914093 894384
5.325 5.33 5.327507356847973 23.844881 898662
5.33 5.335 5.3325064238790185 23.790552 899852
5.335 5.34 5.337478956590478 23.794262 893832
5.34 5.345 5.342491043746291 23.77917 914694
5.345 5.3500000000000005 5.347514995088706 23.736937 904404
5.3500000000000005 5.355 5.3525108005449225 23.64943 905870
5.355 5.36 5.3575097649938535 23.637981 910440
5.36 5.365 5.362507920434995 23.542414 908424
5.365 5.37 5.367507616730431 23.536337 911562
5.37 5.375 5.372494284132581 23.50096 913608
5.375 5.38 5.377498003700305 23.421104 913574
5.38 5.385 5.382491747179235 23.458199 918996
5.385 5.39 5.38750620200757 23.3557 923784
5.39 5.3950000000000005 5.3925164792264635 23.335602 916734
5.3950000000000005 5.4 5.397491490518474 23.300007 920648
5.4 5.405 5.402496101343071 23.299763 923898
5.405 5.41 5.407498089935576 23.201256 930576
5.41 5.415 5.41251761977456 23.243166 927648
5.415 5.42 5.417510135998165 23.102737 926486
5.42 5.425 5.422502073121173 23.089233 932292
5.425 5.43 5.427520513535439 23.081156 935684
