data/AbacusSummit_small_c000_ph3000_products/z0.200/powerA_nfft864.csv
# %ECSV 0.9
# ---
# datatype:
# - {name: kmin, datatype: float64}
# - {name: kmax, datatype: float64}
# - {name: kavg, datatype: float64}
# - {name: power, datatype: float32}
# - {name: N_modes, datatype: uint64}
# meta:
#   AllowGroupFinding: 1
#   BackupDirectory: /mnt/bb/nmaksimova/AbacusSummit/AbacusSummit_small_c000_ph3000
#   BackupStepInterval: -1
#   BoxSize: 500.0
#   BoxSizeHMpc: 500.0
#   BoxSizeMpc: 742.2802850356294
#   CPD: 441
#   CodeVersion: e2acd003678c2dedf9558f56723e0803ac3f29e4
#   Conv_IOCores: 0
#   Conv_IOMode: overwrite
#   Conv_OMP_NUM_THREADS: 42
#   Conv_OMP_PLACES: '{0}:21:4,{88}:21:4'
#   Conv_OMP_PROC_BIND: spread
#   Conv_zwidth: 0
#   ConvolutionCacheSizeMB: 200
#   ConvolutionL1CacheSizeMB: 0.015625
#   CoordinateDistanceHMpc: 570.4284438651082
#   DeleteICsAfterFirstBackup: 1
#   DeltaEtaDrift: 0.0006431634606576253
#   DeltaRedshift: 0.000594239105311
#   DeltaScaleFactor: 0.000412461794582
#   DeltaTime: 0.000446420219047
#   DensityKernelRad: 0.4
#   DensityKernelRad2: 5.3583676e-08
#   DerivativeExpansionRadius: 8
#   DerivativesDirectory: /mnt/bb/nmaksimova/Derivatives
#   DirectBPD: 2
#   Do2LPTVelocityRereading: 0
#   DoublePrecision: 0
#   FinalRedshift: 0.2
#   FirstHalfEtaKick: 0.0002679516024475248
#   FoFLinkingLength: !!python/tuple [0.25, 0.25, 0.25]
#   FullStepNumber: 854
#   GPUQueueAssignments: !!python/tuple [0, 0, 0, 1, 1, 1]
#   GPUThreadCoreStart: !!python/tuple [72, 76, 80, 160, 164, 168]
#   GroupDirectory: /mnt/bb/nmaksimova/AbacusSummit/AbacusSummit_small_c000_ph3000/group
#   GroupRadius: 15
#   Growth: 0.709125958472415
#   Growth_on_a_n: 0.850531419915079
#   H0: 67.36
#   Htime: 0.861649856249735
#   HubbleNow: 1.108810072104326
#   HubbleTimeGyr: 14.516330166270784
#   HubbleTimeHGyr: 9.7782
#   ICFormat: RVZel
#   ICPositionRange: 500
#   ICVelocity2Displacement: 1.0
#   IOCores: !!python/tuple [68, 156]
#   IODirThreads: !!python/tuple [2, 2]
#   IODirs: multipole/write/
#   InitialConditionsDirectory: /mnt/bb/nmaksimova/AbacusSummit/AbacusSummit_small_c000_ph3000/ic
#   InitialRedshift: 99.0
#   L0DensityThreshold: 91.3941764831543
#   L1OutputRedshifts: !!python/tuple [8.0, 5.0, 3.0, 2.75, 2.5, 2.25, 2.0, 1.85, 1.7, 1.625, 1.55, 1.475, 1.4, 1.325, 1.25, 1.175, 1.1,
#     1.025, 0.95, 0.875, 0.8, 0.725, 0.65, 0.575, 0.5, 0.45, 0.4, 0.35, 0.3, 0.25, 0.2, 0.15, 0.1]
#   LPTStepNumber: 0
#   LagrangianPTOrder: 2
#   LastHalfEtaKick: 0.0002678852823647659
#   LightConeDirectory: /mnt/bb/nmaksimova/AbacusSummit/AbacusSummit_small_c000_ph3000/lightcone
#   LightConeOrigins: !!python/tuple [-990.0, -990.0, -990.0, -990.0, -990.0, -2990.0, -990.0, -2990.0, -990.0]
#   LogDirectory: /mnt/bb/nmaksimova/AbacusSummit/AbacusSummit_small_c000_ph3000/log
#   LogVerbosity: 2
#   MAXRAMMB: 100000
#   MachineName: b24n01
#   MicrostepTimeStep: 0
#   MinL1HaloNP: 35
#   MultipoleDirectory: /dev/shm/nmaksimova//AbacusSummit_small_c000_ph3000/multipole
#   MunmapThreadCore: 69
#   NGPUThreadCores: 2
#   NLightCones: 0
#   NP: 5159780352
#   N_ncdm: 1.0
#   N_ur: 2.0328
#   NearFieldRadius: 2
#   NodeRank: 0
#   NodeSize: 0
#   NumSlabsInsertList: 2
#   NumSlabsInsertListIC: 8
#   OMP_NUM_THREADS: 68
#   OMP_PLACES: ' {0}:17:4,{1}:17:4,{88}:17:4,{89}:17:4'
#   OMP_PROC_BIND: spread
#   OmegaNow_DE: 0.556999109176224
[...]
#   SofteningType: single_spline
#   StateIOMode: overwrite
#   TaylorDirectory: /dev/shm/nmaksimova//AbacusSummit_small_c000_ph3000/taylor
#   Time: 0.777094182247529
#   TimeSliceRedshifts_Subsample: !!python/tuple [1.4, 1.1, 0.8, 0.5, 0.4, 0.3, 0.2]
#   TimeStepAccel: 0.25
#   TimeStepDlna: 0.03
#   VelZSpace_to_Canonical: 0.770006994516893
#   VelZSpace_to_kms: 46200.41967101357
#   WorkingDirectory: /dev/shm/nmaksimova//AbacusSummit/AbacusSummit_small_c000_ph3000
#   ZD_NumBlock: 4
#   ZD_PLT_filename: /mnt/bb/nmaksimova/abacus/external/zeldovich-PLT/eigmodes128
#   ZD_PLT_target_z: 12.0
#   ZD_Pk_file_redshift: 1.0
#   ZD_Pk_filename: /mnt/bb/nmaksimova/abacus/external/AbacusSummit/Cosmologies/abacus_cosm000/CLASS_power
#   ZD_Pk_norm: 8.0
#   ZD_Pk_scale: 1.0
#   ZD_Pk_sigma_ratio: 0.02113950155394198
#   ZD_Pk_smooth: 0.0
#   ZD_Seed: 42321
#   ZD_Version: 2
#   ZD_f_cluster: 0.9954948095129318
#   ZD_k_cutoff: 1.0
#   ZD_mpirun_cmd: jsrun -n1 -cALL_CPUS -a1 -r1 -b rs
#   ZD_qPLT: 1
#   ZD_qPLT_rescale: 1
#   ZeldovichDirectory: /mnt/bb/nmaksimova/abacus/external/zeldovich-PLT
#   checkpoint_timeout: 5
#   etaD: -4.263250072323778
#   etaK: 3.04910477428485
#   f_growth: 0.636432597471204
#   fsmooth: 0.004505190487068
#   hMpc: 1
#   mpirun_cmd: jsrun -nALL_HOSTS -cALL_CPUS -a1 -r1 -gALL_GPUS -b none
#   nIODirs: 2
#   n_s: 0.9649
#   omega_b: 0.02237
#   omega_cdm: 0.12
#   omega_ncdm: 0.0006442
#   ppd: 1728.0
#   step_timeout: 15
#   w: -1.0
#   w0: -1.0
#   wa: 0.0
# schema: astropy-2.0
#kmin kmax kavg power N_modes
#0.0 0.005 0.0 3.2971548e-09 1
#0.005 0.01 nan nan 0
0.01 0.015 0.012566370614359173 9863.868 6
[from data line 329]
1.6600000000000001 1.665 1.662599598112854 158.48508 88128
1.665 1.67 1.6675276889899344 157.95432 85080
1.67 1.675 1.6725113529377096 157.30658 90570
1.675 1.68 1.677511095276677 157.17496 87416
1.68 1.685 1.682488674382299 155.42383 90294
1.685 1.69 1.6875459859691833 156.71165 91500
1.69 1.695 1.692521595654046 154.79631 89232
1.695 1.7 1.697537838596043 153.401 92078
1.7 1.705 1.70247222557741 153.96738 89616
1.705 1.71 1.707486478856294 153.1537 94074
1.71 1.715 1.7124784923503733 151.7728 91464
1.715 1.72 1.717488409523873 151.80678 95216
1.72 1.725 1.7225210620576452 151.3942 92706
1.725 1.73 1.727461653251863 150.83986 94416
1.73 1.735 1.732521181319411 149.94156 96294
1.735 1.74 1.737534001886751 150.62076 95736
1.74 1.745 1.742539945932625 149.72528 95876
1.745 1.75 1.7474764021152658 148.1226 94158
1.75 1.7550000000000001 1.7524344886331646 148.76892 98808
1.7550000000000001 1.76 1.7574692671037924 146.53462 96858
1.76 1.7650000000000001 1.7624618446067986 147.00201 99512
1.7650000000000001 1.77 1.7674550745568711 146.12347 97608
1.77 1.7750000000000001 1.7724941901645426 145.99373 102054
1.7750000000000001 1.78 1.7774992024683278 145.43166 97788
1.78 1.7850000000000001 1.7824774393747898 145.9168 101678
1.7850000000000001 1.79 1.787512703758181 144.4806 101616
1.79 1.795 1.7924996144123904 144.77138 101244
1.795 1.8 1.797530899475647 143.97337 103278
1.8 1.805 1.8025367452126955 141.67651 102768
1.805 1.81 1.8075288875779796 142.93796 103022
1.81 1.815 1.8125044378236754 141.6617 103188
1.815 1.82 1.817456355167853 141.2001 104376
1.82 1.825 1.8225359378833825 141.14014 107310
1.825 1.83 1.8275475439879212 140.07529 105296
1.83 1.835 1.8325572058930901 139.47859 106338
1.835 1.84 1.8375268690452051 139.48402 105936
1.84 1.845 1.8425080831642466 138.45972 107976
1.845 1.85 1.8475112888469043 138.49724 106914
1.85 1.855 1.8524987307232506 139.51665 110432
1.855 1.86 1.8575325057546892 138.01747 107766
1.86 1.865 1.8625179876299023 137.05243 111408
1.865 1.87 1.8675117373989156 138.02556 108828
1.87 1.875 1.8725030460106475 135.97636 111206
1.875 1.8800000000000001 1.8774945888782577 136.24078 112008
1.8800000000000001 1.885 1.8825295323587792 135.64354 112698
1.885 1.8900000000000001 1.8875058750605263 136.01889 111720
1.8900000000000001 1.895 1.8924947239019871 134.50154 113744
1.895 1.9000000000000001 1.8974979303433246 133.4474 113886
1.9000000000000001 1.905 1.902507935763727 133.7901 115380
1.905 1.9100000000000001 1.907490007682985 133.32779 113544
1.9100000000000001 1.915 1.9125041612614073 131.88345 117726
1.915 1.92 1.9174886533370883 131.0673 114380
1.92 1.925 1.9225112449242696 131.81682 119382
1.925 1.93 1.9275305361554784 132.26491 116712
1.93 1.935 1.932484774927687 130.91068 117240
1.935 1.94 1.9375034320300362 130.99954 119762
1.94 1.945 1.9424866230975082 129.4546 118968
1.945 1.95 1.94749093737651 129.94547 120078
1.95 1.955 1.952459907102824 128.67152 119580
1.955 1.96 1.9574684216890987 128.25917 122768
1.96 1.965 1.9625218394920105 128.03778 122598
1.965 1.97 1.9675095213975529 127.95888 122400
1.97 1.975 1.9724846843230324 126.52833 120522
1.975 1.98 1.9774608739377724 126.92835 127008
1.98 1.985 1.9825218274392005 125.72636 123320
1.985 1.99 1.9875185842642007 126.12328 126102
1.99 1.995 1.9924847939302879 125.77468 123588
1.995 2.0 1.997495686055441 125.16495 127950
2.0 2.005 2.002525211745807 125.20902 127928
2.005 2.0100000000000002 2.0075157781280852 124.84524 125532
2.0100000000000002 2.015 2.0124944162441505 123.97104 129366
2.015 2.02 2.0175303781340777 123.05273 129600
2.02 2.025 2.0225245408104398 124.20819 128246
2.025 2.0300000000000002 2.0274982845519784 122.53146 130572
2.0300000000000002 2.035 2.0324543679438323 122.44427 127848
2.035 2.04 2.0374338542863737 122.57797 132966
2.04 2.045 2.042447037919461 121.98071 132108
2.045 2.05 2.0474942164693517 120.25108 134366
2.05 2.055 2.052539182321614 121.00763 134424
2.055 2.06 2.0575112681129517 120.02499 132144
2.06 2.065 2.062511893681251 119.9018 135306
2.065 2.07 2.067519922910857 119.35169 136256
2.07 2.075 2.0725074432480577 119.60542 133662
2.075 2.08 2.0774911847251447 118.602356 138612
2.08 2.085 2.08249728719605 118.384224 135936
2.085 2.09 2.0874978807044196 117.909424 138566
2.09 2.095 2.0924588373248754 118.50314 137184
2.095 2.1 2.097517968137193 117.53063 142290
2.1 2.105 2.1025376318829547 116.59121 139680
2.105 2.11 2.107525559140125 117.21024 139416
2.11 2.115 2.11251970815795 115.95322 141962
2.115 2.12 2.117546422591331 115.67071 143568
2.12 2.125 2.1225539183807065 114.66652 140742
2.125 2.13 2.1275029152988796 115.23295 143184
2.13 2.1350000000000002 2.1325083166659238 115.430504 143972
2.1350000000000002 2.14 2.1374906927564705 113.89708 143502
2.14 2.145 2.142471288975761 113.94038 145728
2.145 2.15 2.1474857249578694 113.337074 145806
2.15 2.1550000000000002 2.1524879977427283 112.58275 147620
2.1550000000000002 2.16 2.1574826480724383 112.32244 146232
2.16 2.165 2.162497369230607 112.03208 149670
2.165 2.17 2.1675180025949894 112.045296 148644
2.17 2.1750000000000003 2.172484771765987 111.45247 147678
2.1750000000000003 2.18 2.1774956542261776 111.07843 152192
2.18 2.185 2.1825046179736254 110.96337 150336
2.185 2.19 2.1875396843359938 109.70548 152466
2.19 2.195 2.1925489662697357 109.781395 153024
2.195 2.2 2.197532667952931 109.33569 150326
2.2 2.205 2.202527467950174 109.63959 156228
2.205 2.21 2.20749333800262 108.98041 150048
2.21 2.215 2.212501210536136 108.28679 158598
2.215 2.22 2.217502310286392 107.32051 153576
2.22 2.225 2.2225382255659536 108.155464 159506
2.225 2.23 2.227545952969411 107.81085 155232
2.23 2.235 2.232494785342735 107.097145 156480
2.235 2.24 2.2374984245427294 107.429276 159330
2.24 2.245 2.242517430637353 106.52784 160688
2.245 2.25 2.2475537158635426 107.126366 159366
2.25 2.255 2.2525225660097603 106.24015 160560
2.255 2.2600000000000002 2.2575087313375386 105.7293 160140
2.2600000000000002 2.265 2.2624955627972563 105.48089 162062
2.265 2.27 2.267489781535232 105.238884 163344
2.27 2.275 2.27251281190684 104.207306 163506
2.275 2.2800000000000002 2.2774982410498468 104.0897 163920
2.2800000000000002 2.285 2.282485219070762 103.80218 164208
2.285 2.29 2.2874951258407803 103.347466 166814
2.29 2.295 2.2925071062109383 103.24164 166332
2.295 2.3000000000000003 2.2975061641361685 102.55406 167334
2.3000000000000003 2.305 2.3025552509716887 102.21477 170400
2.305 2.31 2.3075146172961563 102.10433 164360
2.31 2.315 2.3124768462253367 101.80509 169722
2.315 2.32 2.3174602556059347 101.184845 169536
2.32 2.325 2.3224912361283483 101.25763 173022
2.325 2.33 2.3275171078864836 100.89655 170540
2.33 2.335 2.332504807279317 100.29649 173712
2.335 2.34 2.337541491214329 100.82826 172566
2.34 2.345 2.3425100112984856 99.889305 173088
2.345 2.35 2.347512459643918 99.95859 174690
2.35 2.355 2.352486054566055 99.52155 173528
2.355 2.36 2.3574618284506528 99.09423 176568
2.36 2.365 2.362502603266613 98.390114 177498
2.365 2.37 2.367471575589593 98.85811 176304
2.37 2.375 2.372460124450179 98.03633 176936
2.375 2.38 2.377474435670196 97.789 182118
2.38 2.3850000000000002 2.3825431854189283 97.72268 181356
2.3850000000000002 2.39 2.3875371246839228 97.19512 178062
2.39 2.395 2.3924931955994015 96.91687 181112
2.395 2.4 2.3974970274999743 96.84368 182124
2.4 2.4050000000000002 2.4024961302396552 96.92086 182430
2.4050000000000002 2.41 2.4075054370363285 96.06949 184944
2.41 2.415 2.4125133719118255 95.945076 183102
2.415 2.42 2.41751266820414 96.13607 186188
2.42 2.4250000000000003 2.422497753471287 94.925285 183792
2.4250000000000003 2.43 2.4274910641018055 94.67764 187326
2.43 2.435 2.432490653347959 94.574234 187788
2.435 2.44 2.4375275442383666 94.78214 189326
2.44 2.445 2.44251214891936 93.96009 187224
2.445 2.45 2.447502327023556 94.12899 191088
2.45 2.455 2.4525189254500344 93.57823 188658
2.455 2.46 2.4574961784630323 93.41734 192992
2.46 2.465 2.462556069813679 92.71404 193446
2.465 2.47 2.4675454878298946 92.57933 191808
2.47 2.475 2.472526580066077 92.62922 192156
2.475 2.48 2.477516305672981 91.82417 194814
2.48 2.485 2.4825160723961948 91.90599 195728
2.485 2.49 2.4875278764224418 91.67656 194658
2.49 2.495 2.492481864378437 91.3706 196584
2.495 2.5 2.497509854469975 91.55669 198120
2.5 2.505 2.5025246685987517 91.246216 199190
2.505 2.5100000000000002 2.507517110654805 90.52097 197940
2.5100000000000002 2.515 2.5125159509494357 90.20995 200214
2.515 2.52 2.5175235510370912 90.564995 201648
2.52 2.525 2.5225420425287233 88.815704 201716
2.525 2.5300000000000002 2.527544565047553 89.47903 202326
2.5300000000000002 2.535 2.5325519937230907 88.95209 203592
2.535 2.54 2.5375309908231363 88.694145 201486
2.54 2.545 2.542502336121755 88.552 205332
2.545 2.5500000000000003 2.5475048856671667 88.39949 204968
2.5500000000000003 2.555 2.5525167343552124 88.26992 206838
2.555 2.56 2.5575153926860037 87.993515 207300
2.56 2.565 2.5624993795697484 87.75115 205998
2.565 2.57 2.567520900316333 87.11834 212216
2.57 2.575 2.572489190733505 87.02825 204672
2.575 2.58 2.577494376976626 86.93425 213858
2.58 2.585 2.5825073881532323 86.37946 210480
2.585 2.59 2.5874939389992138 86.254074 210222
2.59 2.595 2.592469101388651 86.119446 213020
2.595 2.6 2.597470395622707 85.85524 213600
2.6 2.605 2.6025020444280633 86.142715 216318
2.605 2.61 2.607506409213066 84.95116 215352
2.61 2.615 2.612525277009425 85.009575 215738
2.615 2.62 2.6175306401025256 84.71128 219432
2.62 2.625 2.6225299013426686 85.06202 214824
2.625 2.63 2.6274823357107127 84.52118 216678
2.63 2.6350000000000002 2.632459485045014 84.09898 220412
2.6350000000000002 2.64 2.6374862074869876 83.810234 220326
2.64 2.645 2.642508269006186 83.7224 224280
2.645 2.65 2.6475527551331366 83.52467 221700
2.65 2.6550000000000002 2.6525252342834413 82.790344 220998
2.6550000000000002 2.66 2.657496128759743 82.87449 222752
2.66 2.665 2.662497044922278 82.36069 225126
2.665 2.67 2.6674899466729762 82.3647 224244
2.67 2.6750000000000003 2.67244959163892 81.70587 223968
2.6750000000000003 2.68 2.677481064531012 82.15421 231182
2.68 2.685 2.682498705696911 81.54518 225876
2.685 2.69 2.687497005684703 81.27905 230502
2.69 2.695 2.692531618246513 80.89851 230016
2.695 2.7 2.697510589139644 80.64402 229520
2.7 2.705 2.702522500840452 79.99495 231522
2.705 2.71 2.707514437653951 80.1831 232560
2.71 2.715 2.712517290399464 79.99397 231654
2.715 2.72 2.7174850790257605 80.19197 232716
2.72 2.725 2.722484198999752 79.606186 236504
2.725 2.73 2.727527807942061 79.52457 236046
2.73 2.735 2.7325184269508394 79.1489 236808
2.735 2.74 2.737530124721708 79.02058 236250
2.74 2.745 2.742505154600529 78.99635 237992
2.745 2.75 2.7475093023792296 78.899895 239448
2.75 2.755 2.7524870420412717 78.39334 236538
2.755 2.7600000000000002 2.7574634729969487 77.878914 243336
2.7600000000000002 2.765 2.762478742055417 77.50968 238838
2.765 2.77 2.7674510403432357 77.60266 244032
2.77 2.775 2.772486794415195 77.304146 244620
2.775 2.7800000000000002 2.777479161784394 77.188156 242262
2.7800000000000002 2.785 2.782465458887486 76.86171 246024
2.785 2.79 2.7874924459418056 77.173935 247358
2.79 2.795 2.7925345260074295 76.99728 249708
2.795 2.8000000000000003 2.7975078856216458 76.336136 243072
2.8000000000000003 2.805 2.8024470797183065 76.07082 246726
2.805 2.81 2.807466193561683 75.84049 253820
2.81 2.815 2.8124724840008484 75.56175 246918
2.815 2.82 2.8174910290456174 75.86134 255960
2.82 2.825 2.822507571390953 75.14907 250680
2.825 2.83 2.8275156843906686 74.72387 253730
2.83 2.835 2.8325070842144435 74.801056 253800
2.835 2.84 2.8374935852950545 75.26387 253590
2.84 2.845 2.842517722178599 74.49563 258756
2.845 2.85 2.8475182717735423 74.2421 255720
2.85 2.855 2.8525184488001103 74.09753 256502
2.855 2.86 2.857490017380728 74.21694 258936
2.86 2.865 2.862508602798662 73.53683 259452
2.865 2.87 2.867491089660869 73.22163 258798
2.87 2.875 2.8724973670004705 73.44474 263912
2.875 2.88 2.8775078760167165 72.63187 259362
2.88 2.8850000000000002 2.882473613273265 72.45542 264144
2.8850000000000002 2.89 2.887521121723427 72.5911 266328
2.89 2.895 2.8925193473981894 72.25567 263270
2.895 2.9 2.897485209572919 72.06319 263988
2.9 2.9050000000000002 2.9024555424884535 71.81663 264750
2.9050000000000002 2.91 2.9074670964753113 71.70072 271416
2.91 2.915 2.9124853313975363 71.78876 266604
2.915 2.92 2.91750802606832 71.21313 273806
2.92 2.9250000000000003 2.9225296838755703 71.402855 268488
2.9250000000000003 2.93 2.9274986733831936 70.61152 269766
2.93 2.935 2.9325105278082533 70.82683 275604
2.935 2.94 2.9375019383913803 70.77767 269048
2.94 2.945 2.9424818009650933 70.14839 275238
2.945 2.95 2.9474844645158687 70.33041 275688
2.95 2.955 2.9524880663370943 69.83023 274674
2.955 2.96 2.957494166976334 69.91307 279240
2.96 2.965 2.9625051316758193 69.30487 277544
2.965 2.97 2.967534517209132 69.59706 280458
2.97 2.975 2.972514721484506 69.17863 278448
2.975 2.98 2.97752127392667 69.30519 280446
2.98 2.985 2.9824833154031185 68.88763 279272
2.985 2.99 2.9874778011152676 68.594315 283764
2.99 2.995 2.992492844010968 68.73857 283950
2.995 3.0 2.997507490824446 68.075935 286776
3.0 3.005 3.002512842996941 68.31668 281738
3.005 3.0100000000000002 3.0074857034080456 67.86573 289248
3.0100000000000002 3.015 3.012502740890932 67.90183 284856
3.015 3.02 3.017512718923713 67.43043 292110
3.02 3.025 3.022541797823437 67.45733 289500
3.025 3.0300000000000002 3.0275170728549883 67.533134 286238
3.0300000000000002 3.035 3.032500237300901 67.13314 294384
3.035 3.04 3.03751670889333 66.73366 289980
3.04 3.045 3.042511226140118 66.42265 294966
3.045 3.0500000000000003 3.047514636497353 66.367355 292304
3.0500000000000003 3.055 3.052527271172748 66.223564 298326
3.055 3.06 3.057529376208623 66.26658 293004
3.06 3.065 3.062503712868373 65.93613 297408
3.065 3.0700000000000003 3.0675297682699845 65.54741 299270
3.0700000000000003 3.075 3.0725239380521434 65.59034 298548
3.075 3.08 3.0775042043850602 65.29325 296526
3.08 3.085 3.082481034581337 65.139694 301752
3.085 3.09 3.087481497822259 64.97518 302664
3.09 3.095 3.092497671566351 65.14247 301274
3.095 3.1 3.097496482370479 64.82978 307032
3.1 3.105 3.1025344201964735 64.375275 304806
3.105 3.11 3.107491276917742 64.31202 301608
3.11 3.115 3.112488323653281 64.09979 310244
3.115 3.12 3.117502373348437 63.867516 304734
3.12 3.125 3.1224851521853374 63.960056 311736
3.125 3.13 3.1275032993948013 63.71448 306882
3.13 3.1350000000000002 3.1324961537164335 63.541298 314312
3.1350000000000002 3.14 3.1375112487662213 63.48107 309384
3.14 3.145 3.142500276931475 63.062546 313086
3.145 3.15 3.147496373743343 63.10889 313548
3.15 3.1550000000000002 3.152496867403537 62.940598 313590
3.1550000000000002 3.16 3.1574968112816753 62.577496 317984
3.16 3.165 3.162517858145561 62.638874 316500
3.165 3.17 3.167521360071831 62.2615 318654
3.17 3.1750000000000003 3.172512636989208 62.17046 316824
3.1750000000000003 3.18 3.177502497494038 61.801895 319358
3.18 3.185 3.182503357009961 61.87878 321516
3.185 3.19 3.1874814755459986 61.647846 318912
3.19 3.1950000000000003 3.1924959282169656 61.733593 325494
3.1950000000000003 3.2 3.1975041085184945 61.159058 323492
3.2 3.205 3.202491059921452 61.14148 322758
3.205 3.21 3.2075162664666306 61.072235 330552
3.21 3.215 3.21252861540157 61.005745 325128
3.215 3.22 3.217526430636621 60.83419 327522
3.22 3.225 3.222508439644185 60.501995 327944
3.225 3.23 3.2275244632679994 60.43759 331854
3.23 3.235 3.232517884439099 60.543106 327924
3.235 3.24 3.237499796078058 60.31669 333672
3.24 3.245 3.2425490524083185 59.974846 335318
3.245 3.25 3.2475072900552164 59.6332 328704
3.25 3.255 3.2524852710723087 59.89466 334914
3.255 3.2600000000000002 3.2574878105241396 59.651775 337608
3.2600000000000002 3.265 3.262502293171849 59.369728 337496
3.265 3.27 3.2674941024652786 59.147858 335514
3.27 3.275 3.2724751976851123 58.92081 340200
