data/AbacusSummit_small_c000_ph3000_products/z0.200/powerAB_nfft864.csv
# %ECSV 0.9
# ---
# datatype:
# - {name: kmin, datatype: float64}
# - {name: kmax, datatype: float64}
# - {name: kavg, datatype: float64}
# - {name: power, datatype: float32}
# - {name: N_modes, datatype: uint64}
# meta:
#   AllowGroupFinding: 1
#   BackupDirectory: /mnt/bb/nmaksimova/AbacusSummit/AbacusSummit_small_c000_ph3000
#   BackupStepInterval: -1
#   BoxSize: 500.0
#   BoxSizeHMpc: 500.0
#   BoxSizeMpc: 742.2802850356294
#   CPD: 441
#   CodeVersion: e2acd003678c2dedf9558f56723e0803ac3f29e4
#   Conv_IOCores: 0
#   Conv_IOMode: overwrite
#   Conv_OMP_NUM_THREADS: 42
#   Conv_OMP_PLACES: '{0}:21:4,{88}:21:4'
#   Conv_OMP_PROC_BIND: spread
#   Conv_zwidth: 0
#   ConvolutionCacheSizeMB: 200
#   ConvolutionL1CacheSizeMB: 0.015625
#   CoordinateDistanceHMpc: 570.4284438651082
#   DeleteICsAfterFirstBackup: 1
#   DeltaEtaDrift: 0.0006431634606576253
#   DeltaRedshift: 0.000594239105311
#   DeltaScaleFactor: 0.000412461794582
#   DeltaTime: 0.000446420219047
#   DensityKernelRad: 0.4
#   DensityKernelRad2: 5.3583676e-08
#   DerivativeExpansionRadius: 8
#   DerivativesDirectory: /mnt/bb/nmaksimova/Derivatives
#   DirectBPD: 2
#   Do2LPTVelocityRereading: 0
#   DoublePrecision: 0
#   FinalRedshift: 0.2
#   FirstHalfEtaKick: 0.0002679516024475248
#   FoFLinkingLength: !!python/tuple [0.25, 0.25, 0.25]
#   FullStepNumber: 854
#   GPUQueueAssignments: !!python/tuple [0, 0, 0, 1, 1, 1]
#   GPUThreadCoreStart: !!python/tuple [72, 76, 80, 160, 164, 168]
#   GroupDirectory: /mnt/bb/nmaksimova/AbacusSummit/AbacusSummit_small_c000_ph3000/group
#   GroupRadius: 15
#   Growth: 0.709125958472415
#   Growth_on_a_n: 0.850531419915079
#   H0: 67.36
#   Htime: 0.861649856249735
#   HubbleNow: 1.108810072104326
#   HubbleTimeGyr: 14.516330166270784
#   HubbleTimeHGyr: 9.7782
#   ICFormat: RVZel
#   ICPositionRange: 500
#   ICVelocity2Displacement: 1.0
#   IOCores: !!python/tuple [68, 156]
#   IODirThreads: !!python/tuple [2, 2]
#   IODirs: multipole/write/
#   InitialConditionsDirectory: /mnt/bb/nmaksimova/AbacusSummit/AbacusSummit_small_c000_ph3000/ic
#   InitialRedshift: 99.0
#   L0DensityThreshold: 91.3941764831543
#   L1OutputRedshifts: !!python/tuple [8.0, 5.0, 3.0, 2.75, 2.5, 2.25, 2.0, 1.85, 1.7, 1.625, 1.55, 1.475, 1.4, 1.325, 1.25, 1.175, 1.1,
#     1.025, 0.95, 0.875, 0.8, 0.725, 0.65, 0.575, 0.5, 0.45, 0.4, 0.35, 0.3, 0.25, 0.2, 0.15, 0.1]
#   LPTStepNumber: 0
#   LagrangianPTOrder: 2
#   LastHalfEtaKick: 0.0002678852823647659
#   LightConeDirectory: /mnt/bb/nmaksimova/AbacusSummit/AbacusSummit_small_c000_ph3000/lightcone
#   LightConeOrigins: !!python/tuple [-990.0, -990.0, -990.0, -990.0, -990.0, -2990.0, -990.0, -2990.0, -990.0]
#   LogDirectory: /mnt/bb/nmaksimova/AbacusSummit/AbacusSummit_small_c000_ph3000/log
#   LogVerbosity: 2
#   MAXRAMMB: 100000
#   MachineName: b24n01
#   MicrostepTimeStep: 0
#   MinL1HaloNP: 35
#   MultipoleDirectory: /dev/shm/nmaksimova//AbacusSummit_small_c000_ph3000/multipole
#   MunmapThreadCore: 69
#   NGPUThreadCores: 2
#   NLightCones: 0
#   NP: 5159780352
#   N_ncdm: 1.0
#   N_ur: 2.0328
#   NearFieldRadius: 2
#   NodeRank: 0
#   NodeSize: 0
#   NumSlabsInsertList: 2
#   NumSlabsInsertListIC: 8
#   OMP_NUM_THREADS: 68
#   OMP_PLACES: ' {0}:17:4,{1}:17:4,{88}:17:4,{89}:17:4'
#   OMP_PROC_BIND: spread
#   OmegaNow_DE: 0.556999109176224
[...]
#   SofteningType: single_spline
#   StateIOMode: overwrite
#   TaylorDirectory: /dev/shm/nmaksimova//AbacusSummit_small_c000_ph3000/taylor
#   Time: 0.777094182247529
#   TimeSliceRedshifts_Subsample: !!python/tuple [1.4, 1.1, 0.8, 0.5, 0.4, 0.3, 0.2]
#   TimeStepAccel: 0.25
#   TimeStepDlna: 0.03
#   VelZSpace_to_Canonical: 0.770006994516893
#   VelZSpace_to_kms: 46200.41967101357
#   WorkingDirectory: /dev/shm/nmaksimova//AbacusSummit/AbacusSummit_small_c000_ph3000
#   ZD_NumBlock: 4
#   ZD_PLT_filename: /mnt/bb/nmaksimova/abacus/external/zeldovich-PLT/eigmodes128
#   ZD_PLT_target_z: 12.0
#   ZD_Pk_file_redshift: 1.0
#   ZD_Pk_filename: /mnt/bb/nmaksimova/abacus/external/AbacusSummit/Cosmologies/abacus_cosm000/CLASS_power
#   ZD_Pk_norm: 8.0
#   ZD_Pk_scale: 1.0
#   ZD_Pk_sigma_ratio: 0.02113950155394198
#   ZD_Pk_smooth: 0.0
#   ZD_Seed: 42321
#   ZD_Version: 2
#   ZD_f_cluster: 0.9954948095129318
#   ZD_k_cutoff: 1.0
#   ZD_mpirun_cmd: jsrun -n1 -cALL_CPUS -a1 -r1 -b rs
#   ZD_qPLT: 1
#   ZD_qPLT_rescale: 1
#   ZeldovichDirectory: /mnt/bb/nmaksimova/abacus/external/zeldovich-PLT
#   checkpoint_timeout: 5
#   etaD: -4.263250072323778
#   etaK: 3.04910477428485
#   f_growth: 0.636432597471204
#   fsmooth: 0.004505190487068
#   hMpc: 1
#   mpirun_cmd: jsrun -nALL_HOSTS -cALL_CPUS -a1 -r1 -gALL_GPUS -b none
#   nIODirs: 2
#   n_s: 0.9649
#   omega_b: 0.02237
#   omega_cdm: 0.12
#   omega_ncdm: 0.0006442
#   ppd: 1728.0
#   step_timeout: 15
#   w: -1.0
#   w0: -1.0
#   wa: 0.0
# schema: astropy-2.0
#kmin kmax kavg power N_modes
#0.0 0.005 0.0 2.7468159e-09 1
#0.005 0.01 nan nan 0
0.01 0.015 0.012566370614359173 9919.907 6
0.015 0.02 0.017771531752633466 16758.182 12
0.02 0.025 0.021765592370810615 22936.787 8
0.025 0.03 0.027505955385073992 16697.713 30
0.03 0.035 0.03078119592388474 16354.919 24
0.035 0.04 0.03804864531624173 11058.151 66
0.04 0.045 0.04214124841368824 12022.468 32
0.045 0.05 0.0464489334882893 9005.318 72
0.05 0.055 0.052829210493389914 7485.7373 114
0.055 0.06 0.05757817743100935 9047.386 96
0.06 0.065 0.0633010885943778 8709.949 126
0.065 0.07 0.06753726203208989 8003.5874 152
0.07 0.075 0.07310073497541773 7143.6284 156
0.075 0.08 0.07720890671902204 8440.211 150
0.08 0.085 0.08212611942513207 6044.0728 264
0.085 0.09 0.08805472559669109 6748.527 242
0.09 0.095 0.09268913867863003 4657.213 288
0.095 0.1 0.09777320733729611 4338.0874 264
0.1 0.105 0.10271418050178498 4184.901 366
0.105 0.11 0.1076339745421051 3962.6748 332
0.11 0.115 0.11243980285935995 3899.625 390
0.115 0.12 0.11781527087656798 3492.5564 552
0.12 0.125 0.12297556601297087 3326.8704 324
0.125 0.13 0.1275301421150264 3067.298 630
0.13 0.135 0.1327394156070517 3166.5618 488
0.135 0.14 0.13731091017245808 3272.7544 558
0.14 0.145 0.14240898142131642 2867.062 708
0.145 0.15 0.14744245723301908 2741.5508 672
0.15 0.155 0.15276836009486533 2406.16 758
0.155 0.16 0.15770128086986376 2346.1523 828
0.16 0.165 0.16273764247225603 2135.734 750
0.165 0.17 0.1674919004140585 2379.8308 936
0.17 0.17500000000000002 0.17195491529373894 2061.7473 728
0.17500000000000002 0.18 0.17714169929954296 2152.4983 1170
0.18 0.185 0.1821505177058968 1850.7595 1008
0.185 0.19 0.1873726837238742 1939.3428 1110
0.19 0.195 0.19194760983543932 1776.4839 1104
0.195 0.2 0.1972385917195215 1680.8733 1364
0.2 0.20500000000000002 0.20279460154467102 1782.4253 1398
0.20500000000000002 0.21 0.20754026187937108 1565.9619 1272
0.21 0.215 0.21246267918437078 1642.7894 1314
0.215 0.22 0.2174310111901156 1528.5618 1712
0.22 0.225 0.2223577937668971 1453.3485 1296
0.225 0.23 0.22724993270560281 1414.722 1806
0.23 0.23500000000000001 0.23247626436538582 1449.0619 1692
0.23500000000000001 0.24 0.23732970453539406 1372.9822 1670
0.24 0.245 0.24235213501846112 1275.3523 2064
0.245 0.25 0.24763033972868226 1370.2631 1884
0.25 0.255 0.25259540404471487 1244.8307 2046
0.255 0.26 0.25763185690474527 1263.0172 2160
0.26 0.265 0.26244221781465354 1140.6884 1934
0.265 0.27 0.2675916162952756 1131.9929 2628
0.27 0.275 0.2725606907036335 1142.1548 2064
0.275 0.28 0.2774651759090453 1136.4077 2478
0.28 0.28500000000000003 0.2824709244702679 1052.5513 2588
0.28500000000000003 0.29 0.28755554445055914 1052.888 2598
0.29 0.295 0.29264798934379976 1048.6759 2856
0.295 0.3 0.29767649671526414 1024.891 2712
0.3 0.305 0.3027293735451282 997.80695 2954
0.305 0.31 0.3073857943027498 924.17017 2736
0.31 0.315 0.31240264636516835 969.12195 3126
0.315 0.32 0.3172594354662141 955.097 3132
0.32 0.325 0.32230746250045333 941.7664 3456
0.325 0.33 0.32767155196097963 873.1575 3470
0.33 0.335 0.33257519338510755 911.963 3576
0.335 0.34 0.33766867348707386 847.36 3450
0.34 0.34500000000000003 0.34237955831155464 843.54364 3600
0.34500000000000003 0.35000000000000003 0.34740716515358877 835.1867 3896
0.35000000000000003 0.355 0.35254752777598936 810.3712 4086
0.355 0.36 0.3574830724794497 826.91736 3852
0.36 0.365 0.3623311901888401 806.4378 4014
0.365 0.37 0.36737795580945376 790.53143 4560
0.37 0.375 0.3725133048512067 758.7334 4364
0.375 0.38 0.3776012046301626 747.80817 4614
0.38 0.385 0.38256558694234305 758.8587 4536
0.385 0.39 0.38743203224309636 731.6595 4566
0.39 0.395 0.39249951212856077 728.26404 5156
0.395 0.4 0.3974985843275137 718.46423 4848
0.4 0.405 0.40249168893160553 691.7815 5190
0.405 0.41000000000000003 0.40747607311478223 687.62683 5172
0.41000000000000003 0.41500000000000004 0.41238879097590814 673.8077 5294
0.41500000000000004 0.42 0.41743308301795345 670.5683 5664
0.42 0.425 0.4223956736679383 656.80853 5568
0.425 0.43 0.42757572873654787 644.83264 5970
0.43 0.435 0.4325386534243964 652.2225 6024
0.435 0.44 0.4375341036733646 624.74365 5654
0.44 0.445 0.44255308722159775 634.7448 6732
0.445 0.45 0.44749253635020475 611.9687 5856
0.45 0.455 0.4525114863164852 626.8616 6726
0.455 0.46 0.45746772305817296 607.2591 6560
0.46 0.465 0.462499731414909 615.7085 6642
0.465 0.47000000000000003 0.4674642337665251 571.2931 7128
0.47000000000000003 0.47500000000000003 0.4725823328341106 589.9914 7152
0.47500000000000003 0.48 0.47764466170546793 592.3797 7202
0.48 0.485 0.48246122815814924 560.30365 7080
0.485 0.49 0.48737970526240304 550.3442 7392
0.49 0.495 0.4924469661882668 551.1129 8070
0.495 0.5 0.4974935613939532 538.30035 7668
0.5 0.505 0.5025426655449103 529.12286 8198
0.505 0.51 0.5075948346668205 544.9819 8184
0.51 0.515 0.5124439923683922 517.69635 7848
0.515 0.52 0.5174344378842038 527.6276 8754
0.52 0.525 0.522478225262897 526.6439 8576
0.525 0.53 0.5274260839968623 527.6506 8694
0.53 0.535 0.5324825262717493 526.67554 9348
0.535 0.54 0.5375336846017799 499.30402 9024
0.54 0.545 0.5424527647943824 508.2888 8894
0.545 0.55 0.5473803272327523 493.20575 10032
0.55 0.555 0.5527002928155601 479.78525 9930
0.555 0.56 0.5574846139201679 485.0112 9024
0.56 0.5650000000000001 0.5624253274138468 495.95233 10488
0.5650000000000001 0.5700000000000001 0.5676072394330383 482.51062 10370
0.5700000000000001 0.5750000000000001 0.5725621157401912 454.14545 10320
0.5750000000000001 0.58 0.5776286520646117 471.07468 10494
0.58 0.585 0.582463860563819 469.8632 10536
0.585 0.59 0.5874316976143775 475.77884 10772
0.59 0.595 0.5923468809917598 458.21283 10878
0.595 0.6 0.5973504299091141 452.1641 11712
0.6 0.605 0.6025126734068037 440.57022 11466
0.605 0.61 0.6074829342731675 446.15695 11936
0.61 0.615 0.6126338774303541 432.4336 12168
0.615 0.62 0.6176230887487206 442.12604 11742
0.62 0.625 0.6224338832522953 441.10358 11700
0.625 0.63 0.6273686563027806 429.92917 12750
0.63 0.635 0.6324948408162862 439.5918 13016
0.635 0.64 0.6373844717283066 427.57907 11988
0.64 0.645 0.6424024696120528 426.41418 13878
0.645 0.65 0.6475858849586519 411.34167 13584
0.65 0.655 0.6525664215169692 407.95032 12950
0.655 0.66 0.6575858731239788 414.4895 14388
0.66 0.665 0.6624989365388854 403.68594 12864
0.665 0.67 0.667490762630415 415.09427 14718
0.67 0.675 0.6724578893676306 402.31152 13928
0.675 0.68 0.6774616466258205 392.61423 14682
0.68 0.685 0.6825292573935572 392.7157 15144
0.685 0.6900000000000001 0.6875724529756772 402.039 14880
0.6900000000000001 0.6950000000000001 0.6925322419372499 394.67957 14706
0.6950000000000001 0.7000000000000001 0.6974702356006471 379.512 15944
0.7000000000000001 0.705 0.7026089516982587 381.56772 15366
0.705 0.71 0.7074658919351153 383.46823 15816
0.71 0.715 0.7125455485094175 376.41275 16404
0.715 0.72 0.7175634897776759 380.1588 15806
0.72 0.725 0.7223345610182713 383.14713 16056
0.725 0.73 0.7274725223605812 370.70868 17658
0.73 0.735 0.7325479081742109 370.40747 16944
0.735 0.74 0.7375429306219211 355.5173 17040
0.74 0.745 0.7425445647332898 362.51447 17726
0.745 0.75 0.7475924136675128 361.43576 17676
0.75 0.755 0.7525222969291494 361.1098 17430
0.755 0.76 0.7575169013994258 358.77243 18768
0.76 0.765 0.7625060225111643 356.75046 17732
0.765 0.77 0.767454123635543 350.09976 18822
0.77 0.775 0.7724550057853276 344.6874 18912
0.775 0.78 0.7774904658491205 348.38235 19230
0.78 0.785 0.7825817723186398 345.94382 19964
0.785 0.79 0.7874911384388404 348.41434 18696
0.79 0.795 0.7925066376514945 349.2238 20454
0.795 0.8 0.7975172206422149 339.27032 19956
0.8 0.805 0.8024428638295271 342.9035 19878
0.805 0.81 0.8074790258030944 330.44086 21392
0.81 0.8150000000000001 0.8125475270850513 335.3684 21048
0.8150000000000001 0.8200000000000001 0.8175596805097299 336.4146 20586
0.8200000000000001 0.8250000000000001 0.8225062607784448 336.27112 22248
0.8250000000000001 0.8300000000000001 0.8276128171609728 327.30933 21014
0.8300000000000001 0.835 0.8324864269967729 324.7229 21984
0.835 0.84 0.837482923920298 327.06827 22092
0.84 0.845 0.8425633345390073 323.45206 22950
0.845 0.85 0.8475212839192425 324.16315 22448
0.85 0.855 0.8525631652045418 321.8862 23250
0.855 0.86 0.8575272131953204 327.0555 23016
0.86 0.865 0.8625017362174684 313.55573 23496
0.865 0.87 0.8675144735518187 309.4904 23934
0.87 0.875 0.8724451671389505 310.12143 23444
0.875 0.88 0.8773839408736394 308.7376 24174
0.88 0.885 0.8824033261432812 310.86182 25320
0.885 0.89 0.887473558028842 305.89346 24900
0.89 0.895 0.892495955058999 305.1084 25310
0.895 0.9 0.8975355545073018 303.6511 25992
0.9 0.905 0.9024909959603122 298.95032 24966
0.905 0.91 0.9074809393595862 300.7944 26508
0.91 0.915 0.9125035688951536 300.07083 26504
0.915 0.92 0.9175327906999753 295.99667 26550
0.92 0.925 0.9225903584989478 295.74738 27756
0.925 0.93 0.9276263586117988 292.45172 26814
0.93 0.935 0.9325598930255579 292.8539 27120
0.935 0.9400000000000001 0.9375181596807738 294.89264 28256
0.9400000000000001 0.9450000000000001 0.9426186592892509 285.43423 28074
0.9450000000000001 0.9500000000000001 0.9475071173510515 287.37537 28008
0.9500000000000001 0.9550000000000001 0.9525166711243596 289.81207 28752
0.9550000000000001 0.96 0.9575059885767837 286.0473 28946
0.96 0.965 0.9624883082922479 287.33926 29616
0.965 0.97 0.9675897103882725 281.28378 29862
0.97 0.975 0.972521409545315 280.91156 29544
0.975 0.98 0.9774555499521659 286.10205 29444
0.98 0.985 0.9823639510233052 276.38815 30462
0.985 0.99 0.9874697094643522 274.56836 32208
0.99 0.995 0.9925677599839098 277.9254 30894
0.995 1.0 0.9974850259250674 275.3274 31356
1.0 1.0050000000000001 1.0024858266030845 274.39743 31376
1.0050000000000001 1.01 1.0074833372199967 269.84418 32718
1.01 1.0150000000000001 1.0124722729457514 268.131 31836
1.0150000000000001 1.02 1.0174799394421472 271.26733 33390
1.02 1.025 1.0225854714376381 265.91504 33872
1.025 1.03 1.0275385483787964 266.08804 32280
1.03 1.035 1.0325155083019601 268.16745 34098
1.035 1.04 1.0374972638702147 267.0457 33960
1.04 1.045 1.042502469222119 262.26202 34430
1.045 1.05 1.047492763988938 260.48297 34668
1.05 1.055 1.0524661749185 260.75113 34848
1.055 1.06 1.0575394509725666 257.39716 36270
1.06 1.065 1.0625669494402077 255.55449 35856
1.065 1.07 1.0676247266287195 253.36563 36050
1.07 1.075 1.0725621483790988 256.68826 36312
1.075 1.08 1.0775581132391683 255.12459 36624
1.08 1.085 1.0825644640155294 252.16972 36882
1.085 1.09 1.087489778653775 250.50484 37256
1.09 1.095 1.092488240002994 249.55092 37278
1.095 1.1 1.0975169679119146 252.4868 39840
1.1 1.105 1.1025854194232134 249.2083 37164
1.105 1.11 1.1075198843439147 245.19545 39366
1.11 1.115 1.1124622587860955 247.6087 38000
1.115 1.12 1.1174653698348354 243.303 40218
1.12 1.125 1.1224931433691603 242.46742 40248
1.125 1.1300000000000001 1.127544520705015 243.89348 40464
1.1300000000000001 1.135 1.1325343768721992 242.47235 40334
1.135 1.1400000000000001 1.1375162397133982 240.19508 40884
1.1400000000000001 1.145 1.1425526827435357 239.89853 42030
1.145 1.1500000000000001 1.147600240628254 241.31937 41736
1.1500000000000001 1.155 1.1524903234936912 236.25835 40400
1.155 1.16 1.1574476112913425 235.55783 42906
1.16 1.165 1.1624866175847677 237.03452 43320
1.165 1.17 1.167484178319723 231.2568 42414
1.17 1.175 1.1724975258000838 233.41084 44604
1.175 1.18 1.1774694671814516 230.99089 42680
1.18 1.185 1.1824758128055213 233.28592 44886
1.185 1.19 1.1874618093243825 229.99014 44448
1.19 1.195 1.1924936654146554 226.0956 45282
1.195 1.2 1.1975036086413982 227.55603 45560
1.2 1.205 1.2025166154185145 227.43109 45960
1.205 1.21 1.2075460453523663 224.71066 46050
1.21 1.215 1.2124860529809671 224.22957 46392
1.215 1.22 1.217515881200924 224.44197 46646
1.22 1.225 1.2224381166954859 220.48738 47160
1.225 1.23 1.2274744800018385 221.14702 48036
1.23 1.235 1.2325174669363352 221.46901 48390
1.235 1.24 1.2374690889952487 221.10822 47784
1.24 1.245 1.2424752788510183 216.54333 49082
1.245 1.25 1.247519566979168 218.03299 50400
1.25 1.2550000000000001 1.2525067694849348 216.02855 48168
1.2550000000000001 1.26 1.2574949489497396 215.73273 51270
1.26 1.2650000000000001 1.2625216355643187 216.89368 49892
1.2650000000000001 1.27 1.2674506709200035 212.81787 49950
1.27 1.2750000000000001 1.2725066668186995 211.3374 53520
1.2750000000000001 1.28 1.2775525734802244 214.08038 50220
1.28 1.285 1.2825318280273483 213.83806 52958
1.285 1.29 1.2875646091077768 208.48085 52488
1.29 1.295 1.2925371708525177 208.73991 52302
1.295 1.3 1.2975627099216416 207.65326 54132
1.3 1.305 1.3025042341759974 207.37955 52416
1.305 1.31 1.3075139726682574 208.39648 54830
1.31 1.315 1.3125147271309172 207.86916 54384
1.315 1.32 1.3174957984634719 206.46277 54450
1.32 1.325 1.322524114208193 205.34753 56568
1.325 1.33 1.3275112571645005 202.80154 54632
1.33 1.335 1.3325527606005276 204.57822 57522
1.335 1.34 1.3375411721486126 202.69365 56112
1.34 1.345 1.3425239483820763 201.08221 56214
1.345 1.35 1.3474959207421093 201.5954 58280
1.35 1.355 1.3525232871474855 201.42691 57948
1.355 1.36 1.3574461977174845 200.5111 55902
1.36 1.365 1.3624089782803424 199.65453 61056
1.365 1.37 1.367505073563263 197.47084 58530
1.37 1.375 1.3725007498584283 197.27658 60632
1.375 1.3800000000000001 1.3775320776554225 196.21902 59760
1.3800000000000001 1.385 1.3825275902302254 195.21056 60606
1.385 1.3900000000000001 1.3875243243927455 194.22792 61092
1.3900000000000001 1.395 1.392463025784508 192.40802 59318
1.395 1.4000000000000001 1.3974501062239475 194.46094 63840
1.4000000000000001 1.405 1.402484695316943 193.78183 61260
1.405 1.41 1.407477705733655 192.1659 63366
1.41 1.415 1.4124810087904687 190.47704 62696
1.415 1.42 1.4174391062941833 189.52397 63270
1.42 1.425 1.422527525206388 189.96237 66012
1.425 1.43 1.4275452069636356 188.85603 63768
1.43 1.435 1.4325139419610384 187.69531 64254
1.435 1.44 1.4375243570904046 188.07852 66836
1.44 1.445 1.4425473570635683 186.46832 65016
1.445 1.45 1.4475314085394368 187.17519 66750
1.45 1.455 1.4525512883961638 184.41779 67368
1.455 1.46 1.4575785834218373 184.36595 66506
1.46 1.465 1.4625231197745419 184.8538 68112
1.465 1.47 1.4675233939175398 183.57439 66960
1.47 1.475 1.472476013821212 184.32085 68550
1.475 1.48 1.4775038872299988 183.3129 70716
1.48 1.485 1.4825613563932336 181.28204 68606
1.485 1.49 1.4875131362403435 181.69461 70704
1.49 1.495 1.4925327700567832 179.5558 69756
1.495 1.5 1.4974803889199673 179.17616 70758
1.5 1.5050000000000001 1.5024720258535187 178.27121 71312
1.5050000000000001 1.51 1.5074931502944562 176.68707 72486
1.51 1.5150000000000001 1.512540939494394 178.53304 73644
1.5150000000000001 1.52 1.517580208985284 175.46967 72600
1.52 1.5250000000000001 1.5225691226880809 176.63757 73310
1.5250000000000001 1.53 1.5274932789939186 173.41714 72132
1.53 1.5350000000000001 1.5324305062538055 174.37915 73878
1.5350000000000001 1.54 1.5374708090240627 174.30815 76680
1.54 1.545 1.5424875428690077 173.80779 74424
1.545 1.55 1.547548677026141 170.65208 77762
1.55 1.555 1.5525101684595344 171.64107 73800
1.555 1.56 1.5574685516972182 170.82355 77694
1.56 1.565 1.562506688260322 170.43724 77820
1.565 1.57 1.5675333801433873 170.81448 78128
1.57 1.575 1.5725237092366808 169.85732 77166
1.575 1.58 1.5774191660367076 167.9363 77616
1.58 1.585 1.5824268954489873 167.64685 79674
1.585 1.59 1.5874281578943616 166.38124 80288
1.59 1.595 1.592519822930853 166.00659 82464
1.595 1.6 1.597592766977611 165.8595 80394
1.6 1.605 1.6025126690826563 166.85599 80232
1.605 1.61 1.6075125539694801 163.62233 81630
1.61 1.615 1.6124840215107639 164.32353 82688
1.615 1.62 1.6175523776601304 164.22293 84132
1.62 1.625 1.6225203619062156 163.38533 81078
1.625 1.6300000000000001 1.6274834312596926 162.08943 85080
1.6300000000000001 1.635 1.6324869558051036 163.20984 82946
1.635 1.6400000000000001 1.637468471377471 161.33366 86304
1.6400000000000001 1.645 1.6424859584845264 160.85977 84360
1.645 1.6500000000000001 1.6475079698309874 159.54489 87390
1.6500000000000001 1.655 1.652533031893809 159.49248 86204
