data/AbacusSummit_base_c009_ph000/z1.100/power_nfft2048.csv
# %ECSV 0.9
# ---
# datatype:
# - {name: kmin, datatype: float64}
# - {name: kmax, datatype: float64}
# - {name: kavg, datatype: float64}
# - {name: power, datatype: float32}
# - {name: N_modes, datatype: uint64}
# meta:
#   AllowGroupFinding: 1
#   BackupDirectory: /gpfs/alpine/proj-shared/ast145/AbacusSummit/AbacusSummit_base_c009_ph000
#   BackupStepInterval: -1
#   BoxSize: 2000.0
#   BoxSizeHMpc: 2000.0
#   BoxSizeMpc: 2969.1211401425176
#   CPD: 1701
#   CodeVersion: 8d43e2d166b9bcb0168a6ca49a4643d06bfb2625
#   Conv_IOCores: 0
#   Conv_IOMode: overwrite
#   Conv_OMP_NUM_THREADS: 42
#   Conv_OMP_PLACES: '{0}:21:4,{88}:21:4'
#   Conv_OMP_PROC_BIND: spread
#   Conv_zwidth: 0
#   ConvolutionCacheSizeMB: 200
#   ConvolutionL1CacheSizeMB: 0.015625
#   CoordinateDistanceHMpc: 2456.947135925205
#   DeleteICsAfterFirstBackup: 1
#   DeltaEtaDrift: 0.0004355664602622156
#   DeltaRedshift: 0.000393111943403
#   DeltaScaleFactor: 8.9124346514e-05
#   DeltaTime: 9.8749419432e-05
#   DensityKernelRad: 0.4
#   DensityKernelRad2: 3.34898e-09
#   DerivativeExpansionRadius: 8
#   DerivativesDirectory: /gpfs/alpine/proj-shared/ast145/Derivatives
#   DirectBPD: 2
#   Do2LPTVelocityRereading: 0
#   DoublePrecision: 0
#   FinalRedshift: 0.1
#   FirstHalfEtaKick: 0.0001037014470748332
#   FoFLinkingLength: !!python/tuple [0.25, 0.25, 0.25]
#   FullStepNumber: 586
#   GPUQueueAssignments: !!python/tuple [0, 0, 0, 1, 1, 1]
#   GPUThreadCoreStart: !!python/tuple [72, 76, 80, 160, 164, 168]
#   GroupDirectory: /gpfs/alpine/proj-shared/ast145/AbacusSummit/AbacusSummit_base_c009_ph000/group
#   GroupRadius: 10
#   Growth: 0.457735104839029
#   Growth_on_a_n: 0.961243720161962
#   H0: 67.36
#   Htime: 0.714767179911574
#   HubbleNow: 1.895275835333738
#   HubbleTimeGyr: 14.516330166270784
#   HubbleTimeHGyr: 9.7782
#   ICFormat: RVZel
#   ICPositionRange: 2000
#   ICVelocity2Displacement: 1.0
#   IOCores: 68
#   InitialConditionsDirectory: /gpfs/alpine/proj-shared/ast145/AbacusSummit/AbacusSummit_base_c009_ph000/ic
#   InitialRedshift: 99.0
#   L0DensityThreshold: 67.03486204147339
#   L1OutputRedshifts: !!python/tuple [8.0, 5.0, 3.0, 2.75, 2.5, 2.25, 2.0, 1.85, 1.7, 1.625, 1.55, 1.475, 1.4, 1.325, 1.25, 1.175, 1.1,
#     1.025, 0.95, 0.875, 0.8, 0.725, 0.65, 0.575, 0.5, 0.45, 0.4, 0.35, 0.3, 0.25, 0.2, 0.15, 0.1]
#   LPTStepNumber: 0
#   LagrangianPTOrder: 2
#   LastHalfEtaKick: 0.0001036917421806116
#   LightConeDirectory: /gpfs/alpine/proj-shared/ast145/AbacusSummit/AbacusSummit_base_c009_ph000/lightcone
#   LightConeOrigins: !!python/tuple [-990.0, -990.0, -990.0, -990.0, -990.0, -2990.0, -990.0, -2990.0, -990.0]
#   LocalWorkingDirectory: /dev/shm/nmaksimova//AbacusSummit_base_c009_ph000
#   LogDirectory: /gpfs/alpine/proj-shared/ast145/AbacusSummit/AbacusSummit_base_c009_ph000/log
#   LogVerbosity: 2
#   MachineName: a07n05
#   MicrostepTimeStep: 0
#   MinL1HaloNP: 35
#   MultipoleDirectory: /dev/shm/nmaksimova//AbacusSummit_base_c009_ph000/multipole
#   MunmapThreadCore: 69
#   NGPUThreadCores: 2
#   NLightCones: 3
#   NP: 330225942528
#   N_ncdm: 0.0
#   N_ur: 3.046
#   NearFieldRadius: 2
#   NodeRank: 0
#   NodeSize: 0
#   NumSlabsInsertList: 2
#   NumSlabsInsertListIC: 8
#   OMP_NUM_THREADS: 70
#   OMP_PLACES: '{0}:17:4,{1}:17:4,{88}:18:4,{89}:18:4'
#   OMP_PROC_BIND: spread
[...]
#   SofteningMax: 0.08680555555555561
#   SofteningType: single_spline
#   StateIOMode: overwrite
#   TaylorDirectory: /dev/shm/nmaksimova//AbacusSummit_base_c009_ph000/taylor
#   Time: 0.377130951910074
#   TimeSliceRedshifts: !!python/tuple [2.5, 1.4, 0.8, 0.2]
#   TimeSliceRedshifts_Subsample: !!python/tuple [3.0, 2.5, 2.0, 1.7, 1.4, 1.1, 0.8, 0.5, 0.4, 0.3, 0.2, 0.1]
#   TimeStepAccel: 0.25
#   TimeStepDlna: 0.03
#   VelZSpace_to_Canonical: 0.429767763114226
#   VelZSpace_to_kms: 180502.4605079751
#   WorkingDirectory: /gpfs/alpine/proj-shared/ast145/AbacusSummit/AbacusSummit_base_c009_ph000
#   ZD_NumBlock: 384
#   ZD_PLT_filename: /ccs/home/nmaksimova/abacus/external/zeldovich-PLT/eigmodes128
#   ZD_PLT_target_z: 12.0
#   ZD_Pk_file_redshift: 1.0
#   ZD_Pk_filename: /ccs/home/nmaksimova/abacus/external/AbacusSummit/Cosmologies/abacus_cosm009/CLASS_power
#   ZD_Pk_norm: 8.0
#   ZD_Pk_scale: 1.0
#   ZD_Pk_sigma_ratio: 0.020925040768040144
#   ZD_Pk_smooth: 0.0
#   ZD_Seed: 12321
#   ZD_Version: 2
#   ZD_f_cluster: 1.0
#   ZD_k_cutoff: 1.0
#   ZD_mpirun_cmd: jsrun -n1 -cALL_CPUS -a1 -r1 -b rs
#   ZD_qPLT: 1
#   ZD_qPLT_rescale: 1
#   ZeldovichDirectory: /ccs/home/nmaksimova/abacus/external/zeldovich-PLT
#   checkpoint_timeout: 5
#   etaD: -5.287512741039896
#   etaK: 2.425785274402421
#   f_growth: 0.890501274617976
#   fsmooth: 0.0
#   hMpc: 1
#   mpirun_cmd: jsrun -nALL_HOSTS -cALL_CPUS -a1 -r1 -gALL_GPUS -b none
#   n_s: 0.9649
#   omega_b: 0.02237
#   omega_cdm: 0.12
#   omega_ncdm: 0.0
#   ppd: 6912.0
#   step_timeout: 15
#   w: -1.0
#   w0: -1.0
#   wa: 0.0
# schema: astropy-2.0
kmin kmax kavg power N_modes
[from data line 1521]
2.389181213055038 2.3907520093818326 2.3899669297466195 25.142727 3610204
2.3907520093818326 2.3923228057086274 2.391534704966341 25.155483 3656582
2.3923228057086274 2.3938936020354227 2.3931086431464417 25.107744 3642800
2.3938936020354227 2.3954643983622175 2.3946789953579937 25.115242 3650850
2.3954643983622175 2.3970351946890123 2.396247511197759 25.046219 3646424
2.3970351946890123 2.398605991015807 2.3978202256546233 25.009056 3677662
2.398605991015807 2.400176787342602 2.3993923786344586 25.006823 3653372
2.400176787342602 2.401747583669397 2.4009638712761685 24.975586 3685278
2.401747583669397 2.403318379996192 2.4025335893337036 25.017694 3655752
2.403318379996192 2.4048891763229867 2.4041041657452116 24.968578 3696210
2.4048891763229867 2.4064599726497815 2.405675883029131 24.91735 3670656
2.4064599726497815 2.4080307689765768 2.4072428462419326 24.89916 3686534
2.4080307689765768 2.4096015653033716 2.4088121642062927 24.885378 3688772
2.4096015653033716 2.4111723616301663 2.4103860981797665 24.876228 3717270
2.4111723616301663 2.412743157956961 2.4119569248043558 24.85361 3686244
2.412743157956961 2.414313954283756 2.4135266233693184 24.830477 3722382
2.414313954283756 2.415884750610551 2.415097271145168 24.822887 3697576
2.415884750610551 2.417455546937346 2.416669350861843 24.792122 3738034
2.417455546937346 2.419026343264141 2.4182398545677835 24.75146 3703536
2.419026343264141 2.4205971395909356 2.419811495540037 24.728706 3750006
2.4205971395909356 2.422167935917731 2.4213831086641475 24.693886 3713164
2.422167935917731 2.4237387322445256 2.4229523137822873 24.704433 3750838
2.4237387322445256 2.4253095285713204 2.424522306098989 24.6621 3724256
2.4253095285713204 2.4268803248981152 2.4260941162999687 24.66312 3769290
2.4268803248981152 2.42845112122491 2.4276660629797076 24.636913 3736256
2.42845112122491 2.4300219175517053 2.4292369677673347 24.592447 3774550
2.4300219175517053 2.4315927138785 2.430809403341034 24.603897 3750100
2.4315927138785 2.433163510205295 2.4323813858959147 24.577578 3782014
2.433163510205295 2.4347343065320897 2.4339490167701987 24.529078 3743300
2.4347343065320897 2.436305102858885 2.4355174970215545 24.551777 3792934
2.436305102858885 2.4378758991856797 2.437090288433824 24.522594 3773552
2.4378758991856797 2.4394466955124745 2.4386609367462966 24.479364 3792282
2.4394466955124745 2.4410174918392693 2.4402302663962776 24.477468 3779400
2.4410174918392693 2.442588288166064 2.441804634726053 24.441721 3823662
2.442588288166064 2.4441590844928593 2.443375696265717 24.429415 3773084
2.4441590844928593 2.445729880819654 2.444943509140205 24.43608 3820806
2.445729880819654 2.447300677146449 2.4465142115178815 24.371328 3792888
2.447300677146449 2.4488714734732437 2.448084581514325 24.352123 3830018
2.4488714734732437 2.450442269800039 2.4496556483588594 24.309317 3808056
2.450442269800039 2.452013066126834 2.4512263576513846 24.349277 3838566
2.452013066126834 2.4535838624536286 2.452798650413299 24.267347 3821492
2.4535838624536286 2.4551546587804234 2.4543708512738753 24.287832 3850566
2.4551546587804234 2.456725455107218 2.4559393235401172 24.27291 3815200
2.456725455107218 2.4582962514340134 2.4575093872895533 24.26968 3864146
2.4582962514340134 2.4598670477608082 2.4590812409961433 24.220415 3834576
2.4598670477608082 2.461437844087603 2.4606495735029528 24.196857 3858482
2.461437844087603 2.463008640414398 2.4622217388835064 24.216986 3863064
2.463008640414398 2.464579436741193 2.4637943755417626 24.135374 3869094
2.464579436741193 2.466150233067988 2.4653619926563453 24.132904 3848916
2.466150233067988 2.4677210293947827 2.466933215396997 24.130402 3898046
2.4677210293947827 2.4692918257215775 2.468506141945701 24.114614 3865736
2.4692918257215775 2.4708626220483723 2.470078679526024 24.053608 3905250
2.4708626220483723 2.4724334183751675 2.4716487832562914 24.068705 3866416
2.4724334183751675 2.4740042147019623 2.4732174350532032 24.047935 3905678
2.4740042147019623 2.475575011028757 2.4747876956475827 24.0026 3882724
2.475575011028757 2.477145807355552 2.4763584739448086 24.050724 3921094
2.477145807355552 2.4787166036823467 2.4779300346987374 23.979528 3897712
2.4787166036823467 2.480287400009142 2.4795035593848076 23.952963 3936626
2.480287400009142 2.4818581963359367 2.481073710081385 23.955105 3892128
2.4818581963359367 2.4834289926627315 2.4826420443421617 23.915834 3941582
2.4834289926627315 2.4849997889895263 2.484213029160554 23.895542 3910236
2.4849997889895263 2.4865705853163216 2.4857832582509247 23.874968 3948558
2.4865705853163216 2.4881413816431164 2.4873541282295983 23.873293 3924772
2.4881413816431164 2.489712177969911 2.4889252243803965 23.843035 3959518
2.489712177969911 2.491282974296706 2.490496283890931 23.816986 3933096
2.491282974296706 2.4928537706235008 2.492066751004267 23.804317 3968426
2.4928537706235008 2.494424566950296 2.4936385202636293 23.790388 3950424
2.494424566950296 2.495995363277091 2.4952113727321343 23.749615 3980238
2.495995363277091 2.4975661596038856 2.4967812624094616 23.770935 3947268
2.4975661596038856 2.4991369559306804 2.4983502448655805 23.705343 3987158
2.4991369559306804 2.5007077522574757 2.4999204868519262 23.711535 3962728
2.5007077522574757 2.5022785485842705 2.5014929301383386 23.690815 4004594
2.5022785485842705 2.5038493449110653 2.5030636806726796 23.705038 3968304
2.5038493449110653 2.50542014123786 2.5046338190130846 23.660597 4013630
2.50542014123786 2.506990937564655 2.5062064794616896 23.600426 3986372
2.506990937564655 2.50856173389145 2.507777634917126 23.588953 4016910
2.50856173389145 2.510132530218245 2.509344294759581 23.578714 3976776
2.510132530218245 2.5117033265450397 2.510914845387384 23.561623 4042890
2.5117033265450397 2.5132741228718345 2.5124891370325293 23.532907 4006296
2.5132741228718345 2.5148449191986297 2.5140581688090085 23.533937 4028186
2.5148449191986297 2.5164157155254245 2.5156278040125857 23.53633 4018552
2.5164157155254245 2.5179865118522193 2.5171999469769544 23.49747 4049990
2.5179865118522193 2.519557308179014 2.5187701602714 23.475887 4020028
2.519557308179014 2.521128104505809 2.520341567306328 23.455666 4068262
2.521128104505809 2.522698900832604 2.521914552709986 23.408401 4033368
2.522698900832604 2.524269697159399 2.523484198832877 23.403051 4062954
2.524269697159399 2.5258404934861938 2.5250540490587023 23.39216 4046552
2.5258404934861938 2.5274112898129886 2.5266247228191734 23.340815 4076094
2.5274112898129886 2.528982086139784 2.528196711509625 23.352423 4061980
2.528982086139784 2.5305528824665786 2.5297689828878225 23.30414 4088158
2.5305528824665786 2.5321236787933734 2.531339628842778 23.326752 4067896
2.5321236787933734 2.533694475120168 2.5329110152498764 23.263597 4097426
2.533694475120168 2.535265271446963 2.5344797417564524 23.291965 4064784
2.535265271446963 2.5368360677737583 2.5360501139544938 23.26789 4117790
2.5368360677737583 2.538406864100553 2.5376217585692324 23.22844 4079684
2.538406864100553 2.539977660427348 2.539192587157328 23.202621 4124014
2.539977660427348 2.5415484567541426 2.540760403830033 23.182892 4075324
2.5415484567541426 2.543119253080938 2.5423313553369695 23.153597 4151590
2.543119253080938 2.5446900494077327 2.5439071027635642 23.164373 4106648
2.5446900494077327 2.5462608457345275 2.5454782581407285 23.159647 4140250
2.5462608457345275 2.5478316420613223 2.5470459382788557 23.123774 4100776
2.5478316420613223 2.549402438388117 2.548616346941117 23.069502 4160998
2.549402438388117 2.5509732347149123 2.5501893446891772 23.060694 4124252
2.5509732347149123 2.552544031041707 2.551758752126101 23.048883 4155174
2.552544031041707 2.554114827368502 2.553327502857969 23.022673 4131224
2.554114827368502 2.5556856236952967 2.5548992199035347 22.997587 4177498
2.5556856236952967 2.557256420022092 2.5564703855194595 22.981285 4141088
2.557256420022092 2.5588272163488868 2.5580409463087617 22.97237 4185126
2.5588272163488868 2.5603980126756816 2.5596125610928815 22.9626 4155380
2.5603980126756816 2.5619688090024764 2.561182728106965 22.92505 4187302
2.5619688090024764 2.563539605329271 2.562752935462323 22.91628 4167824
2.563539605329271 2.5651104016560664 2.564322441124072 22.91689 4193010
2.5651104016560664 2.566681197982861 2.5658937166721962 22.889431 4185864
2.566681197982861 2.568251994309656 2.567465481766212 22.8572 4207362
2.568251994309656 2.569822790636451 2.569034801788441 22.850168 4185080
2.569822790636451 2.5713935869632456 2.5706081907122695 22.817183 4235070
2.5713935869632456 2.572964383290041 2.5721812843952003 22.800543 4194684
2.572964383290041 2.5745351796168356 2.5737502235766767 22.773775 4227302
2.5745351796168356 2.5761059759436304 2.5753202451045376 22.782137 4207168
2.5761059759436304 2.5776767722704252 2.5768905271950384 22.735212 4238546
2.5776767722704252 2.5792475685972205 2.5784596420406696 22.754528 4212880
2.5792475685972205 2.5808183649240153 2.5800305143632043 22.723911 4259710
2.5808183649240153 2.58238916125081 2.5816038517802147 22.677647 4230964
2.58238916125081 2.583959957577605 2.583175196242246 22.668318 4264406
2.583959957577605 2.5855307539043997 2.5847448866388754 22.652838 4232168
2.5855307539043997 2.587101550231195 2.586316261949489 22.669106 4280634
2.587101550231195 2.5886723465579897 2.5878881654119468 22.630285 4247784
2.5886723465579897 2.5902431428847845 2.5894570770984857 22.6029 4275506
2.5902431428847845 2.5918139392115793 2.5910268959029747 22.591892 4262992
2.5918139392115793 2.5933847355383746 2.5926016914043015 22.55727 4307990
2.5933847355383746 2.5949555318651694 2.594172833979328 22.55514 4257884
2.5949555318651694 2.596526328191964 2.595742171631457 22.522768 4310574
2.596526328191964 2.598097124518759 2.597312499282804 22.493324 4269232
2.598097124518759 2.5996679208455538 2.598882068092602 22.474463 4317266
2.5996679208455538 2.601238717172349 2.6004518667722256 22.446758 4284328
2.601238717172349 2.602809513499144 2.602021403094627 22.464687 4324510
2.602809513499144 2.6043803098259386 2.6035929489031715 22.437202 4303572
2.6043803098259386 2.6059511061527334 2.6051653411874693 22.422045 4342038
2.6059511061527334 2.6075219024795286 2.6067358654478636 22.399866 4303656
2.6075219024795286 2.6090926988063234 2.608307381892629 22.377048 4354730
2.6090926988063234 2.6106634951331182 2.609879017254837 22.363792 4318272
2.6106634951331182 2.612234291459913 2.6114477384310217 22.320833 4350326
2.612234291459913 2.613805087786708 2.613017195595552 22.31116 4329036
2.613805087786708 2.615375884113503 2.6145878213106504 22.30574 4368390
2.615375884113503 2.616946680440298 2.6161584530418516 22.29601 4341164
2.616946680440298 2.6185174767670927 2.6177297104109 22.245928 4381398
2.6185174767670927 2.6200882730938875 2.6193019745160293 22.266855 4354536
2.6200882730938875 2.6216590694206827 2.6208722525693884 22.224392 4383426
2.6216590694206827 2.6232298657474775 2.6224439712076943 22.169903 4374320
2.6232298657474775 2.6248006620742723 2.6240166448856015 22.228155 4397046
2.6248006620742723 2.626371458401067 2.6255850401978575 22.176193 4361644
2.626371458401067 2.627942254727862 2.627153687494477 22.16481 4409366
2.627942254727862 2.629513051054657 2.628726443024446 22.151121 4395352
2.629513051054657 2.631083847381452 2.630300975551075 22.095856 4427266
2.631083847381452 2.6326546437082468 2.631869152846208 22.09395 4373080
2.6326546437082468 2.6342254400350416 2.63343681914145 22.09569 4434646
2.6342254400350416 2.635796236361837 2.635008812334396 22.044237 4404740
2.635796236361837 2.6373670326886316 2.63657916008966 22.027506 4439878
2.6373670326886316 2.6389378290154264 2.6381488279708982 22.019487 4412488
2.6389378290154264 2.640508625342221 2.6397202127436383 22.015913 4456234
2.640508625342221 2.642079421669016 2.641292025338462 22.023453 4424984
2.642079421669016 2.6436502179958112 2.642863234782185 21.956734 4466410
2.6436502179958112 2.645221014322606 2.6444346595521573 21.970938 4437264
2.645221014322606 2.646791810649401 2.6460063740335857 21.946857 4474670
2.646791810649401 2.6483626069761956 2.647575936169766 21.91326 4438172
2.6483626069761956 2.649933403302991 2.6491453704125054 21.880161 4485766
2.649933403302991 2.6515041996297857 2.6507182110616903 21.894789 4466256
2.6515041996297857 2.6530749959565805 2.652289404677249 21.85898 4487426
2.6530749959565805 2.6546457922833753 2.6538587220650114 21.848867 4466040
2.6546457922833753 2.65621658861017 2.655431115202979 21.827604 4515926
2.65621658861017 2.6577873849369653 2.657003569321518 21.782314 4476036
2.6577873849369653 2.65935818126376 2.658573679929008 21.790709 4514406
2.65935818126376 2.660928977590555 2.660143125707576 21.756067 4484352
2.660928977590555 2.6624997739173497 2.6617129533905075 21.75462 4523522
2.6624997739173497 2.6640705702441445 2.6632841309509017 21.724382 4503600
2.6640705702441445 2.6656413665709398 2.6648550663152037 21.702833 4535382
2.6656413665709398 2.6672121628977346 2.6664265627443364 21.694313 4516556
2.6672121628977346 2.6687829592245293 2.667999544699438 21.67077 4552014
2.6687829592245293 2.670353755551324 2.6695694227490656 21.657942 4511148
2.670353755551324 2.6719245518781194 2.6711408535547316 21.660929 4574102
2.6719245518781194 2.673495348204914 2.6727129377935954 21.610212 4521056
2.673495348204914 2.675066144531709 2.674280985467061 21.606083 4563634
2.675066144531709 2.676636940858504 2.675850505923503 21.602135 4541768
2.676636940858504 2.6782077371852986 2.67742265616095 21.571865 4586886
2.6782077371852986 2.679778533512094 2.6789948237618013 21.572855 4552308
2.679778533512094 2.6813493298388886 2.6805634353425 21.539392 4580862
2.6813493298388886 2.6829201261656834 2.6821343264040975 21.537699 4574256
2.6829201261656834 2.6844909224924782 2.6837091576401315 21.505238 4611626
2.6844909224924782 2.6860617188192735 2.685279205558827 21.497751 4561216
2.6860617188192735 2.6876325151460683 2.6868459206598705 21.472847 4602038
2.6876325151460683 2.689203311472863 2.68841681203684 21.454313 4594444
2.689203311472863 2.690774107799658 2.689990001063045 21.445402 4625686
2.690774107799658 2.6923449041264527 2.6915588164028814 21.42035 4583448
2.6923449041264527 2.693915700453248 2.6931301311421234 21.401789 4649690
2.693915700453248 2.6954864967800427 2.6947029261275945 21.370092 4600568
2.6954864967800427 2.6970572931068375 2.696273390061231 21.35754 4648810
2.6970572931068375 2.6986280894336323 2.6978426125785604 21.390173 4604888
2.6986280894336323 2.7001988857604275 2.699413445746223 21.325863 4666662
2.7001988857604275 2.7017696820872223 2.7009847170835006 21.296518 4618348
2.7017696820872223 2.703340478414017 2.7025538649502097 21.2911 4667918
2.703340478414017 2.704911274740812 2.7041250298415767 21.276646 4637896
2.704911274740812 2.7064820710676067 2.705696896614866 21.274572 4682866
2.7064820710676067 2.708052867394402 2.707266569721449 21.230875 4639384
2.708052867394402 2.709623663721197 2.7088353011266793 21.215996 4687334
2.709623663721197 2.7111944600479916 2.7104072160807307 21.212109 4664108
2.7111944600479916 2.7127652563747864 2.7119772472276296 21.185293 4690494
2.7127652563747864 2.7143360527015816 2.7135478001558373 21.152878 4679888
2.7143360527015816 2.7159068490283764 2.715119364752622 21.138334 4704234
2.7159068490283764 2.7174776453551712 2.7166897246669954 21.105335 4683736
2.7174776453551712 2.719048441681966 2.7182599459320596 21.080801 4716746
2.719048441681966 2.720619238008761 2.719832307354507 21.100088 4706736
2.720619238008761 2.722190034335556 2.7214047761243374 21.063395 4725902
2.722190034335556 2.723760830662351 2.722974325622427 21.066702 4702780
2.723760830662351 2.7253316269891457 2.724544921680366 21.039331 4742534
2.7253316269891457 2.7269024233159405 2.7261165091610065 21.04165 4717432
2.7269024233159405 2.7284732196427357 2.727689090946188 21.016481 4759858
2.7284732196427357 2.7300440159695305 2.7292590689078606 21.02772 4716896
