data/AbacusSummit_base_c009_ph000/z1.100/power_nfft2048.csv
# %ECSV 0.9
# ---
# datatype:
# - {name: kmin, datatype: float64}
# - {name: kmax, datatype: float64}
# - {name: kavg, datatype: float64}
# - {name: power, datatype: float32}
# - {name: N_modes, datatype: uint64}
# meta:
#   AllowGroupFinding: 1
#   BackupDirectory: /gpfs/alpine/proj-shared/ast145/AbacusSummit/AbacusSummit_base_c009_ph000
#   BackupStepInterval: -1
#   BoxSize: 2000.0
#   BoxSizeHMpc: 2000.0
#   BoxSizeMpc: 2969.1211401425176
#   CPD: 1701
#   CodeVersion: 8d43e2d166b9bcb0168a6ca49a4643d06bfb2625
#   Conv_IOCores: 0
#   Conv_IOMode: overwrite
#   Conv_OMP_NUM_THREADS: 42
#   Conv_OMP_PLACES: '{0}:21:4,{88}:21:4'
#   Conv_OMP_PROC_BIND: spread
#   Conv_zwidth: 0
#   ConvolutionCacheSizeMB: 200
#   ConvolutionL1CacheSizeMB: 0.015625
#   CoordinateDistanceHMpc: 2456.947135925205
#   DeleteICsAfterFirstBackup: 1
#   DeltaEtaDrift: 0.0004355664602622156
#   DeltaRedshift: 0.000393111943403
#   DeltaScaleFactor: 8.9124346514e-05
#   DeltaTime: 9.8749419432e-05
#   DensityKernelRad: 0.4
#   DensityKernelRad2: 3.34898e-09
#   DerivativeExpansionRadius: 8
#   DerivativesDirectory: /gpfs/alpine/proj-shared/ast145/Derivatives
#   DirectBPD: 2
#   Do2LPTVelocityRereading: 0
#   DoublePrecision: 0
#   FinalRedshift: 0.1
#   FirstHalfEtaKick: 0.0001037014470748332
#   FoFLinkingLength: !!python/tuple [0.25, 0.25, 0.25]
#   FullStepNumber: 586
#   GPUQueueAssignments: !!python/tuple [0, 0, 0, 1, 1, 1]
#   GPUThreadCoreStart: !!python/tuple [72, 76, 80, 160, 164, 168]
#   GroupDirectory: /gpfs/alpine/proj-shared/ast145/AbacusSummit/AbacusSummit_base_c009_ph000/group
#   GroupRadius: 10
#   Growth: 0.457735104839029
#   Growth_on_a_n: 0.961243720161962
#   H0: 67.36
#   Htime: 0.714767179911574
#   HubbleNow: 1.895275835333738
#   HubbleTimeGyr: 14.516330166270784
#   HubbleTimeHGyr: 9.7782
#   ICFormat: RVZel
#   ICPositionRange: 2000
#   ICVelocity2Displacement: 1.0
#   IOCores: 68
#   InitialConditionsDirectory: /gpfs/alpine/proj-shared/ast145/AbacusSummit/AbacusSummit_base_c009_ph000/ic
#   InitialRedshift: 99.0
#   L0DensityThreshold: 67.03486204147339
#   L1OutputRedshifts: !!python/tuple [8.0, 5.0, 3.0, 2.75, 2.5, 2.25, 2.0, 1.85, 1.7, 1.625, 1.55, 1.475, 1.4, 1.325, 1.25, 1.175, 1.1,
#     1.025, 0.95, 0.875, 0.8, 0.725, 0.65, 0.575, 0.5, 0.45, 0.4, 0.35, 0.3, 0.25, 0.2, 0.15, 0.1]
#   LPTStepNumber: 0
#   LagrangianPTOrder: 2
#   LastHalfEtaKick: 0.0001036917421806116
#   LightConeDirectory: /gpfs/alpine/proj-shared/ast145/AbacusSummit/AbacusSummit_base_c009_ph000/lightcone
#   LightConeOrigins: !!python/tuple [-990.0, -990.0, -990.0, -990.0, -990.0, -2990.0, -990.0, -2990.0, -990.0]
#   LocalWorkingDirectory: /dev/shm/nmaksimova//AbacusSummit_base_c009_ph000
#   LogDirectory: /gpfs/alpine/proj-shared/ast145/AbacusSummit/AbacusSummit_base_c009_ph000/log
#   LogVerbosity: 2
#   MachineName: a07n05
#   MicrostepTimeStep: 0
#   MinL1HaloNP: 35
#   MultipoleDirectory: /dev/shm/nmaksimova//AbacusSummit_base_c009_ph000/multipole
#   MunmapThreadCore: 69
#   NGPUThreadCores: 2
#   NLightCones: 3
#   NP: 330225942528
#   N_ncdm: 0.0
#   N_ur: 3.046
#   NearFieldRadius: 2
#   NodeRank: 0
#   NodeSize: 0
#   NumSlabsInsertList: 2
#   NumSlabsInsertListIC: 8
#   OMP_NUM_THREADS: 70
#   OMP_PLACES: '{0}:17:4,{1}:17:4,{88}:18:4,{89}:18:4'
#   OMP_PROC_BIND: spread
[...]
#   SofteningMax: 0.08680555555555561
#   SofteningType: single_spline
#   StateIOMode: overwrite
#   TaylorDirectory: /dev/shm/nmaksimova//AbacusSummit_base_c009_ph000/taylor
#   Time: 0.377130951910074
#   TimeSliceRedshifts: !!python/tuple [2.5, 1.4, 0.8, 0.2]
#   TimeSliceRedshifts_Subsample: !!python/tuple [3.0, 2.5, 2.0, 1.7, 1.4, 1.1, 0.8, 0.5, 0.4, 0.3, 0.2, 0.1]
#   TimeStepAccel: 0.25
#   TimeStepDlna: 0.03
#   VelZSpace_to_Canonical: 0.429767763114226
#   VelZSpace_to_kms: 180502.4605079751
#   WorkingDirectory: /gpfs/alpine/proj-shared/ast145/AbacusSummit/AbacusSummit_base_c009_ph000
#   ZD_NumBlock: 384
#   ZD_PLT_filename: /ccs/home/nmaksimova/abacus/external/zeldovich-PLT/eigmodes128
#   ZD_PLT_target_z: 12.0
#   ZD_Pk_file_redshift: 1.0
#   ZD_Pk_filename: /ccs/home/nmaksimova/abacus/external/AbacusSummit/Cosmologies/abacus_cosm009/CLASS_power
#   ZD_Pk_norm: 8.0
#   ZD_Pk_scale: 1.0
#   ZD_Pk_sigma_ratio: 0.020925040768040144
#   ZD_Pk_smooth: 0.0
#   ZD_Seed: 12321
#   ZD_Version: 2
#   ZD_f_cluster: 1.0
#   ZD_k_cutoff: 1.0
#   ZD_mpirun_cmd: jsrun -n1 -cALL_CPUS -a1 -r1 -b rs
#   ZD_qPLT: 1
#   ZD_qPLT_rescale: 1
#   ZeldovichDirectory: /ccs/home/nmaksimova/abacus/external/zeldovich-PLT
#   checkpoint_timeout: 5
#   etaD: -5.287512741039896
#   etaK: 2.425785274402421
#   f_growth: 0.890501274617976
#   fsmooth: 0.0
#   hMpc: 1
#   mpirun_cmd: jsrun -nALL_HOSTS -cALL_CPUS -a1 -r1 -gALL_GPUS -b none
#   n_s: 0.9649
#   omega_b: 0.02237
#   omega_cdm: 0.12
#   omega_ncdm: 0.0
#   ppd: 6912.0
#   step_timeout: 15
#   w: -1.0
#   w0: -1.0
#   wa: 0.0
# schema: astropy-2.0
kmin kmax kavg power N_modes
[from data line 1087]
1.7074556072260527 1.7090264035528475 1.7082409524705031 37.393707 1849768
1.7090264035528475 1.7105971998796425 1.7098101526789495 37.4011 1866394
1.7105971998796425 1.7121679962064373 1.7113772960783993 37.368713 1851120
1.7121679962064373 1.7137387925332324 1.7129519432115339 37.341522 1888974
1.7137387925332324 1.7153095888600272 1.7145258337080627 37.328167 1857996
1.7153095888600272 1.716880385186822 1.7160939855444615 37.299347 1882958
1.716880385186822 1.718451181513617 1.7176653799099528 37.209965 1870632
1.718451181513617 1.7200219778404118 1.7192369024499912 37.091743 1890314
1.7200219778404118 1.7215927741672068 1.720805855000966 37.137623 1873632
1.7215927741672068 1.7231635704940016 1.7223784180268276 37.0977 1904646
1.7231635704940016 1.7247343668207966 1.723950660960322 37.05491 1878452
1.7247343668207966 1.7263051631475914 1.7255203337311154 37.06695 1906470
1.7263051631475914 1.7278759594743862 1.7270916194038455 36.979767 1889928
1.7278759594743862 1.7294467558011812 1.728664259304962 36.96792 1915338
1.7294467558011812 1.731017552127976 1.7302327965888544 36.975746 1886144
1.731017552127976 1.732588348454771 1.731799861399219 36.96942 1921542
1.732588348454771 1.7341591447815659 1.7333725360277181 36.7787 1904636
1.7341591447815659 1.7357299411083609 1.7349452842737092 36.704742 1928494
1.7357299411083609 1.7373007374351557 1.7365147906391143 36.82395 1905876
1.7373007374351557 1.7388715337619507 1.7380852160237312 36.742752 1936022
1.7388715337619507 1.7404423300887455 1.739658337350108 36.68043 1917960
1.7404423300887455 1.7420131264155403 1.7412296392428743 36.64074 1940114
1.7420131264155403 1.7435839227423353 1.7427995815161632 36.625343 1923152
1.7435839227423353 1.7451547190691301 1.744369968278205 36.581333 1945822
1.7451547190691301 1.7467255153959251 1.7459386500463823 36.534943 1925900
1.7467255153959251 1.74829631172272 1.7475091637188067 36.524334 1959462
1.74829631172272 1.749867108049515 1.7490840068800513 36.492676 1942120
1.749867108049515 1.7514379043763098 1.7506547314077532 36.413033 1956170
1.7514379043763098 1.7530087007031048 1.7522231708515557 36.407104 1943304
1.7530087007031048 1.7545794970298996 1.7537915670206359 36.30406 1964030
1.7545794970298996 1.7561502933566944 1.7553617169707811 36.284023 1953468
1.7561502933566944 1.7577210896834894 1.7569335891203468 36.30382 1975262
1.7577210896834894 1.7592918860102842 1.7585032906196851 36.28253 1957568
1.7592918860102842 1.7608626823370792 1.7600726647868172 36.18122 1979098
1.7608626823370792 1.762433478663874 1.7616434332104753 36.142666 1967416
1.762433478663874 1.764004274990669 1.7632164285272336 36.120224 1993930
1.764004274990669 1.7655750713174638 1.7647867402962198 36.10884 1968000
1.7655750713174638 1.7671458676442586 1.766360815283637 36.07853 2007774
1.7671458676442586 1.7687166639710536 1.7679329998411668 35.971634 1971276
1.7687166639710536 1.7702874602978484 1.7694981372324128 35.989265 1998830
1.7702874602978484 1.7718582566246435 1.7710705420005586 35.925457 1995272
1.7718582566246435 1.7734290529514383 1.7726439341217437 35.91429 2007898
1.7734290529514383 1.7749998492782333 1.7742123561904126 35.88909 1991272
1.7749998492782333 1.776570645605028 1.7757862798585895 35.873463 2028286
1.776570645605028 1.778141441931823 1.7773610355275025 35.786133 1999548
1.778141441931823 1.779712238258618 1.7789316205487704 35.804436 2026094
1.779712238258618 1.7812830345854127 1.780499261489214 35.791264 1999352
1.7812830345854127 1.7828538309122077 1.7820659256227827 35.70626 2029162
1.7828538309122077 1.7844246272390025 1.7836371509253677 35.698277 2018184
1.7844246272390025 1.7859954235657975 1.7852092791524137 35.677956 2041214
1.7859954235657975 1.7875662198925923 1.7867801450592795 35.561817 2019820
1.7875662198925923 1.7891370162193874 1.7883516890831284 35.56411 2049854
1.7891370162193874 1.7907078125461822 1.7899245179576941 35.490646 2031276
1.7907078125461822 1.7922786088729772 1.7914952399912396 35.497902 2052422
1.7922786088729772 1.793849405199772 1.7930640858166969 35.41319 2032232
1.793849405199772 1.7954202015265668 1.794634687422089 35.4439 2062978
1.7954202015265668 1.7969909978533618 1.79620389014725 35.39648 2038400
1.7969909978533618 1.7985617941801566 1.797774477004538 35.415703 2072118
1.7985617941801566 1.8001325905069516 1.7993463821786324 35.313046 2049404
1.8001325905069516 1.8017033868337464 1.8009174325168504 35.309807 2077446
1.8017033868337464 1.8032741831605414 1.8024889878570918 35.24627 2058328
1.8032741831605414 1.8048449794873362 1.8040601095049662 35.206738 2081786
1.8048449794873362 1.806415775814131 1.805627159644688 35.148285 2056120
1.806415775814131 1.807986572140926 1.8071933784632184 35.16355 2087950
1.807986572140926 1.8095573684677209 1.8087671845165942 35.094856 2080164
1.8095573684677209 1.8111281647945159 1.8103408354006059 35.063145 2095638
1.8111281647945159 1.8126989611213107 1.8119094219064584 35.03587 2076540
1.8126989611213107 1.8142697574481057 1.813481633331532 34.969757 2111342
1.8142697574481057 1.8158405537749005 1.8150525460521372 34.89454 2079080
1.8158405537749005 1.8174113501016955 1.8166237690735976 34.9616 2120170
1.8174113501016955 1.8189821464284903 1.818195156390106 34.88158 2088104
1.8189821464284903 1.8205529427552851 1.8197650251336954 34.86668 2121222
1.8205529427552851 1.8221237390820801 1.8213376437268058 34.78181 2103228
1.8221237390820801 1.823694535408875 1.8229061542589804 34.81771 2118902
1.823694535408875 1.82526533173567 1.8244780494009707 34.724464 2118032
1.82526533173567 1.8268361280624648 1.8260534694168797 34.741425 2136226
1.8268361280624648 1.8284069243892598 1.827623324554814 34.689915 2110736
1.8284069243892598 1.8299777207160546 1.8291920476640342 34.661003 2141742
1.8299777207160546 1.8315485170428496 1.8307648186500818 34.559395 2125244
1.8315485170428496 1.8331193133696444 1.8323353588739555 34.641197 2145454
1.8331193133696444 1.8346901096964392 1.8339054222682545 34.487267 2132920
1.8346901096964392 1.8362609060232342 1.835474077602902 34.48701 2145202
1.8362609060232342 1.837831702350029 1.8370431401033391 34.480366 2142936
1.837831702350029 1.839402498676824 1.8386171500562996 34.419014 2166962
1.839402498676824 1.8409732950036188 1.840188594898351 34.441837 2144008
1.8409732950036188 1.8425440913304139 1.8417604872361748 34.352097 2173142
1.8425440913304139 1.8441148876572087 1.8433305644474065 34.290028 2147372
1.8441148876572087 1.8456856839840037 1.8449008229439259 34.358093 2182326
1.8456856839840037 1.8472564803107985 1.8464718892134533 34.263622 2154040
1.8472564803107985 1.8488272766375933 1.8480411314327363 34.241165 2186786
1.8488272766375933 1.8503980729643883 1.8496128832014194 34.240803 2168904
1.8503980729643883 1.851968869291183 1.8511838600820094 34.195793 2190686
1.851968869291183 1.8535396656179781 1.8527535043840289 34.104897 2172356
1.8535396656179781 1.855110461944773 1.8543250485600502 34.148804 2204494
1.855110461944773 1.856681258271568 1.8558973819283062 34.093987 2183000
1.856681258271568 1.8582520545983627 1.857467850555813 34.050415 2203674
1.8582520545983627 1.8598228509251575 1.8590372878288148 34.015068 2188896
1.8598228509251575 1.8613936472519526 1.860606847199693 34.008564 2212886
1.8613936472519526 1.8629644435787474 1.862176353074643 33.95135 2194484
1.8629644435787474 1.8645352399055424 1.8637474341061013 33.94469 2224726
1.8645352399055424 1.8661060362323372 1.8653198011776462 33.905556 2206324
1.8661060362323372 1.8676768325591322 1.8668948140836676 33.84166 2240158
1.8676768325591322 1.869247628885927 1.8684649310824986 33.855995 2198504
1.869247628885927 1.870818425212722 1.8700310119830525 33.822437 2237050
1.870818425212722 1.8723892215395168 1.8716018784318436 33.792088 2220856
1.8723892215395168 1.8739600178663116 1.8731751401738082 33.721287 2248078
1.8739600178663116 1.8755308141931066 1.8747450905322127 33.695644 2221020
1.8755308141931066 1.8771016105199014 1.8763150887334592 33.683918 2256630
1.8771016105199014 1.8786724068466965 1.877887432686523 33.62621 2233176
1.8786724068466965 1.8802432031734913 1.8794575120196808 33.575687 2258042
1.8802432031734913 1.8818139995002863 1.8810281994801388 33.5988 2243344
1.8818139995002863 1.883384795827081 1.8825990546283669 33.54267 2267014
1.883384795827081 1.884955592153876 1.8841689105719146 33.51688 2245324
1.884955592153876 1.886526388480671 1.8857378751289584 33.487354 2273270
1.886526388480671 1.8880971848074657 1.8873066085636696 33.443714 2252928
1.8880971848074657 1.8896679811342607 1.8888796115689885 33.378223 2291546
1.8896679811342607 1.8912387774610555 1.8904541599832017 33.404976 2265680
1.8912387774610555 1.8928095737878505 1.8920242822331208 33.302776 2286418
1.8928095737878505 1.8943803701146453 1.8935923501689764 33.290268 2268504
1.8943803701146453 1.8959511664414403 1.8951654680292882 33.313004 2306486
1.8959511664414403 1.8975219627682351 1.8967380444963136 33.228813 2275948
1.8975219627682351 1.89909275909503 1.8983059074008224 33.20743 2301262
1.89909275909503 1.900663555421825 1.899876839626174 33.179188 2289648
1.900663555421825 1.9022343517486198 1.9014509125726138 33.143238 2318538
1.9022343517486198 1.9038051480754148 1.9030210241032688 33.162643 2287840
1.9038051480754148 1.9053759444022096 1.9045900295296347 33.109745 2322358
1.9053759444022096 1.9069467407290046 1.9061605963141537 32.968987 2297972
1.9069467407290046 1.9085175370557994 1.907730929125237 33.055855 2330926
1.9085175370557994 1.9100883333825944 1.9093018352943878 32.962013 2308648
1.9100883333825944 1.9116591297093892 1.9108713957710555 32.98771 2332522
1.9116591297093892 1.913229926036184 1.9124419286542698 32.932423 2319048
1.913229926036184 1.914800722362979 1.9140132518904047 32.946445 2343414
1.914800722362979 1.9163715186897738 1.9155840959748693 32.923836 2324132
1.9163715186897738 1.9179423150165689 1.917156737379298 32.86428 2357310
1.9179423150165689 1.9195131113433637 1.9187271842671094 32.787537 2325644
1.9195131113433637 1.9210839076701587 1.920296324670387 32.746838 2362206
1.9210839076701587 1.9226547039969535 1.9218704486656384 32.75746 2345464
1.9226547039969535 1.9242255003237485 1.923442034751559 32.726562 2363354
1.9242255003237485 1.9257962966505433 1.9250103856178005 32.709568 2344848
1.9257962966505433 1.927367092977338 1.9265813494337625 32.64709 2376686
1.927367092977338 1.9289378893041331 1.9281524237598915 32.618797 2353292
1.9289378893041331 1.930508685630928 1.9297217721364552 32.61447 2379478
1.930508685630928 1.932079481957723 1.9312924617247 32.553642 2367736
1.932079481957723 1.9336502782845177 1.9328640106369008 32.509884 2385610
1.9336502782845177 1.9352210746113128 1.9344326616991798 32.496185 2369064
1.9352210746113128 1.9367918709381076 1.9360046036042633 32.47725 2403822
1.9367918709381076 1.9383626672649024 1.9375765087428583 32.471672 2374332
1.9383626672649024 1.9399334635916974 1.939147718769081 32.422646 2410766
1.9399334635916974 1.9415042599184922 1.9407173896151506 32.406258 2377776
1.9415042599184922 1.9430750562452872 1.9422867908783703 32.349567 2417618
1.9430750562452872 1.944645852572082 1.9438601577163956 32.317738 2395800
1.944645852572082 1.946216648898877 1.9454301033147485 32.29211 2418186
1.946216648898877 1.9477874452256718 1.9469991967462303 32.225784 2400416
1.9477874452256718 1.9493582415524668 1.9485712883905029 32.25994 2432238
1.9493582415524668 1.9509290378792616 1.9501434474746562 32.17363 2409980
1.9509290378792616 1.9524998342060564 1.95171491141317 32.2108 2439382
1.9524998342060564 1.9540706305328515 1.9532859755587524 32.130463 2415592
1.9540706305328515 1.9556414268596463 1.9548562131833471 32.050896 2442730
1.9556414268596463 1.9572122231864413 1.9564254257918445 32.132072 2422176
1.9572122231864413 1.958783019513236 1.9579936666453226 32.015274 2449110
1.958783019513236 1.960353815840031 1.9595663095020857 32.04686 2440436
1.960353815840031 1.961924612166826 1.9611375569440108 31.969744 2453934
1.961924612166826 1.963495408493621 1.9627079779596002 31.983633 2446856
1.963495408493621 1.9650662048204157 1.964281166511147 31.904459 2467794
1.9650662048204157 1.9666370011472105 1.9658518014455428 31.918509 2448248
1.9666370011472105 1.9682077974740055 1.9674205705867103 31.858397 2471410
1.9682077974740055 1.9697785938008003 1.9689889428272591 31.82511 2453096
1.9697785938008003 1.9713493901275954 1.9705607593798145 31.84504 2488542
1.9713493901275954 1.9729201864543902 1.9721337814490236 31.717394 2467916
1.9729201864543902 1.9744909827811852 1.9737074973882553 31.769125 2498038
1.9744909827811852 1.97606177910798 1.975278903355675 31.704744 2466224
1.97606177910798 1.977632575434775 1.9768494657687252 31.709936 2505546
1.977632575434775 1.9792033717615698 1.978422501192257 31.696943 2480992
1.9792033717615698 1.9807741680883646 1.979992589453133 31.610928 2504710
1.9807741680883646 1.9823449644151596 1.981560013519904 31.565918 2480044
1.9823449644151596 1.9839157607419544 1.9831286390083973 31.554049 2516270
1.9839157607419544 1.9854865570687494 1.984700893629678 31.500114 2500160
1.9854865570687494 1.9870573533955442 1.9862726893740978 31.5365 2521098
1.9870573533955442 1.9886281497223393 1.987843591771673 31.484184 2506976
1.9886281497223393 1.990198946049134 1.9894149750022283 31.45805 2531494
1.990198946049134 1.9917697423759289 1.990984640445353 31.455944 2507540
1.9917697423759289 1.9933405387027239 1.9925550605850595 31.419329 2541030
1.9933405387027239 1.9949113350295187 1.9941239637691013 31.41971 2513460
1.9949113350295187 1.9964821313563137 1.9956950128158235 31.408836 2554326
1.9964821313563137 1.9980529276831085 1.9972680866661006 31.32367 2526408
1.9980529276831085 1.9996237240099035 1.9988390747726863 31.271147 2557994
1.9996237240099035 2.0011945203366985 2.000409711982656 31.252914 2533784
2.0011945203366985 2.0027653166634933 2.0019823336761733 31.235012 2570454
2.0027653166634933 2.004336112990288 2.003552817076994 31.186575 2535236
2.004336112990288 2.005906909317083 2.0051192285934345 31.160418 2566654
2.005906909317083 2.0074777056438777 2.006687928249044 31.15576 2549016
2.0074777056438777 2.009048501970673 2.008258524509553 31.105032 2580578
2.009048501970673 2.0106192982974678 2.0098311948668197 31.0916 2564976
2.0106192982974678 2.0121900946242626 2.011402405526939 31.029081 2584110
2.0121900946242626 2.0137608909510574 2.012972220533462 31.049109 2566844
2.0137608909510574 2.0153316872778526 2.0145445697080846 30.987814 2601990
2.0153316872778526 2.0169024836046474 2.0161149048429308 30.955881 2569464
2.0169024836046474 2.018473279931442 2.017683796278619 30.965313 2602842
2.018473279931442 2.020044076258237 2.019254367129522 30.902334 2582600
2.020044076258237 2.021614872585032 2.020826161589158 30.869879 2616618
2.021614872585032 2.023185668911827 2.0223997163021985 30.858618 2597104
2.023185668911827 2.024756465238622 2.0239720547523365 30.787888 2618326
2.024756465238622 2.0263272615654166 2.0255414454072844 30.74409 2597444
2.0263272615654166 2.0278980578922114 2.0271124244599306 30.732998 2631622
2.0278980578922114 2.0294688542190067 2.0286837761868406 30.708593 2606472
2.0294688542190067 2.0310396505458015 2.0302548645079446 30.768728 2638058
2.0310396505458015 2.0326104468725963 2.0318232302348793 30.694738 2607160
2.0326104468725963 2.034181243199391 2.0333951137127593 30.651995 2655710
2.034181243199391 2.035752039526186 2.0349686550600303 30.593803 2620556
2.035752039526186 2.037322835852981 2.036537714963044 30.57723 2652006
2.037322835852981 2.038893632179776 2.038106518397773 30.589798 2626880
2.038893632179776 2.0404644285065707 2.0396768223728006 30.551458 2663218
2.0404644285065707 2.0420352248333655 2.041248200622926 30.51538 2639504
2.0420352248333655 2.0436060211601603 2.042819943683102 30.517813 2674854
2.0436060211601603 2.0451768174869556 2.044393418206946 30.502262 2650900
