data/AbacusSummit_base_c009_ph000/z1.100/power_nfft2048.csv
# %ECSV 0.9
# ---
# datatype:
# - {name: kmin, datatype: float64}
# - {name: kmax, datatype: float64}
# - {name: kavg, datatype: float64}
# - {name: power, datatype: float32}
# - {name: N_modes, datatype: uint64}
# meta:
#   AllowGroupFinding: 1
#   BackupDirectory: /gpfs/alpine/proj-shared/ast145/AbacusSummit/AbacusSummit_base_c009_ph000
#   BackupStepInterval: -1
#   BoxSize: 2000.0
#   BoxSizeHMpc: 2000.0
#   BoxSizeMpc: 2969.1211401425176
#   CPD: 1701
#   CodeVersion: 8d43e2d166b9bcb0168a6ca49a4643d06bfb2625
#   Conv_IOCores: 0
#   Conv_IOMode: overwrite
#   Conv_OMP_NUM_THREADS: 42
#   Conv_OMP_PLACES: '{0}:21:4,{88}:21:4'
#   Conv_OMP_PROC_BIND: spread
#   Conv_zwidth: 0
#   ConvolutionCacheSizeMB: 200
#   ConvolutionL1CacheSizeMB: 0.015625
#   CoordinateDistanceHMpc: 2456.947135925205
#   DeleteICsAfterFirstBackup: 1
#   DeltaEtaDrift: 0.0004355664602622156
#   DeltaRedshift: 0.000393111943403
#   DeltaScaleFactor: 8.9124346514e-05
#   DeltaTime: 9.8749419432e-05
#   DensityKernelRad: 0.4
#   DensityKernelRad2: 3.34898e-09
#   DerivativeExpansionRadius: 8
#   DerivativesDirectory: /gpfs/alpine/proj-shared/ast145/Derivatives
#   DirectBPD: 2
#   Do2LPTVelocityRereading: 0
#   DoublePrecision: 0
#   FinalRedshift: 0.1
#   FirstHalfEtaKick: 0.0001037014470748332
#   FoFLinkingLength: !!python/tuple [0.25, 0.25, 0.25]
#   FullStepNumber: 586
#   GPUQueueAssignments: !!python/tuple [0, 0, 0, 1, 1, 1]
#   GPUThreadCoreStart: !!python/tuple [72, 76, 80, 160, 164, 168]
#   GroupDirectory: /gpfs/alpine/proj-shared/ast145/AbacusSummit/AbacusSummit_base_c009_ph000/group
#   GroupRadius: 10
#   Growth: 0.457735104839029
#   Growth_on_a_n: 0.961243720161962
#   H0: 67.36
#   Htime: 0.714767179911574
#   HubbleNow: 1.895275835333738
#   HubbleTimeGyr: 14.516330166270784
#   HubbleTimeHGyr: 9.7782
#   ICFormat: RVZel
#   ICPositionRange: 2000
#   ICVelocity2Displacement: 1.0
#   IOCores: 68
#   InitialConditionsDirectory: /gpfs/alpine/proj-shared/ast145/AbacusSummit/AbacusSummit_base_c009_ph000/ic
#   InitialRedshift: 99.0
#   L0DensityThreshold: 67.03486204147339
#   L1OutputRedshifts: !!python/tuple [8.0, 5.0, 3.0, 2.75, 2.5, 2.25, 2.0, 1.85, 1.7, 1.625, 1.55, 1.475, 1.4, 1.325, 1.25, 1.175, 1.1,
#     1.025, 0.95, 0.875, 0.8, 0.725, 0.65, 0.575, 0.5, 0.45, 0.4, 0.35, 0.3, 0.25, 0.2, 0.15, 0.1]
#   LPTStepNumber: 0
#   LagrangianPTOrder: 2
#   LastHalfEtaKick: 0.0001036917421806116
#   LightConeDirectory: /gpfs/alpine/proj-shared/ast145/AbacusSummit/AbacusSummit_base_c009_ph000/lightcone
#   LightConeOrigins: !!python/tuple [-990.0, -990.0, -990.0, -990.0, -990.0, -2990.0, -990.0, -2990.0, -990.0]
#   LocalWorkingDirectory: /dev/shm/nmaksimova//AbacusSummit_base_c009_ph000
#   LogDirectory: /gpfs/alpine/proj-shared/ast145/AbacusSummit/AbacusSummit_base_c009_ph000/log
#   LogVerbosity: 2
#   MachineName: a07n05
#   MicrostepTimeStep: 0
#   MinL1HaloNP: 35
#   MultipoleDirectory: /dev/shm/nmaksimova//AbacusSummit_base_c009_ph000/multipole
#   MunmapThreadCore: 69
#   NGPUThreadCores: 2
#   NLightCones: 3
#   NP: 330225942528
#   N_ncdm: 0.0
#   N_ur: 3.046
#   NearFieldRadius: 2
#   NodeRank: 0
#   NodeSize: 0
#   NumSlabsInsertList: 2
#   NumSlabsInsertListIC: 8
#   OMP_NUM_THREADS: 70
#   OMP_PLACES: '{0}:17:4,{1}:17:4,{88}:18:4,{89}:18:4'
#   OMP_PROC_BIND: spread
[...]
#   SofteningMax: 0.08680555555555561
#   SofteningType: single_spline
#   StateIOMode: overwrite
#   TaylorDirectory: /dev/shm/nmaksimova//AbacusSummit_base_c009_ph000/taylor
#   Time: 0.377130951910074
#   TimeSliceRedshifts: !!python/tuple [2.5, 1.4, 0.8, 0.2]
#   TimeSliceRedshifts_Subsample: !!python/tuple [3.0, 2.5, 2.0, 1.7, 1.4, 1.1, 0.8, 0.5, 0.4, 0.3, 0.2, 0.1]
#   TimeStepAccel: 0.25
#   TimeStepDlna: 0.03
#   VelZSpace_to_Canonical: 0.429767763114226
#   VelZSpace_to_kms: 180502.4605079751
#   WorkingDirectory: /gpfs/alpine/proj-shared/ast145/AbacusSummit/AbacusSummit_base_c009_ph000
#   ZD_NumBlock: 384
#   ZD_PLT_filename: /ccs/home/nmaksimova/abacus/external/zeldovich-PLT/eigmodes128
#   ZD_PLT_target_z: 12.0
#   ZD_Pk_file_redshift: 1.0
#   ZD_Pk_filename: /ccs/home/nmaksimova/abacus/external/AbacusSummit/Cosmologies/abacus_cosm009/CLASS_power
#   ZD_Pk_norm: 8.0
#   ZD_Pk_scale: 1.0
#   ZD_Pk_sigma_ratio: 0.020925040768040144
#   ZD_Pk_smooth: 0.0
#   ZD_Seed: 12321
#   ZD_Version: 2
#   ZD_f_cluster: 1.0
#   ZD_k_cutoff: 1.0
#   ZD_mpirun_cmd: jsrun -n1 -cALL_CPUS -a1 -r1 -b rs
#   ZD_qPLT: 1
#   ZD_qPLT_rescale: 1
#   ZeldovichDirectory: /ccs/home/nmaksimova/abacus/external/zeldovich-PLT
#   checkpoint_timeout: 5
#   etaD: -5.287512741039896
#   etaK: 2.425785274402421
#   f_growth: 0.890501274617976
#   fsmooth: 0.0
#   hMpc: 1
#   mpirun_cmd: jsrun -nALL_HOSTS -cALL_CPUS -a1 -r1 -gALL_GPUS -b none
#   n_s: 0.9649
#   omega_b: 0.02237
#   omega_cdm: 0.12
#   omega_ncdm: 0.0
#   ppd: 6912.0
#   step_timeout: 15
#   w: -1.0
#   w0: -1.0
#   wa: 0.0
# schema: astropy-2.0
kmin kmax kavg power N_modes
[from data line 1303]
2.0467476138137504 2.048318410140545 2.047532287005384 30.416649 2655844
2.048318410140545 2.04988920646734 2.049102510408284 30.35754 2685182
2.04988920646734 2.051460002794135 2.0506745503194703 30.377731 2668584
2.051460002794135 2.05303079912093 2.052247755221232 30.310024 2698274
2.05303079912093 2.054601595447725 2.053816547585835 30.311453 2663112
2.054601595447725 2.0561723917745196 2.0553876077452933 30.26758 2711310
2.0561723917745196 2.0577431881013144 2.056959130131518 30.222265 2672948
2.0577431881013144 2.0593139844281096 2.0585254043251417 30.216595 2704782
2.0593139844281096 2.0608847807549044 2.060097424033646 30.248997 2698648
2.0608847807549044 2.0624555770816992 2.0616692677926314 30.17401 2710762
2.0624555770816992 2.064026373408494 2.0632370619364813 30.167725 2696416
2.064026373408494 2.0655971697352893 2.0648103915323324 30.104555 2737598
2.0655971697352893 2.067167966062084 2.0663828018084227 30.09187 2699076
2.067167966062084 2.068738762388879 2.067953117838697 30.05869 2739806
2.068738762388879 2.0703095587156737 2.06952388964759 30.04915 2710528
2.0703095587156737 2.0718803550424685 2.071094558393846 30.000664 2745650
2.0718803550424685 2.0734511513692637 2.0726658063100216 29.976484 2720832
2.0734511513692637 2.0750219476960585 2.074235029293943 29.992706 2748410
2.0750219476960585 2.0765927440228533 2.075805838694583 29.881804 2733552
2.0765927440228533 2.078163540349648 2.077378289823674 29.883202 2762622
2.078163540349648 2.0797343366764434 2.078949142189522 29.852997 2736596
2.0797343366764434 2.081305133003238 2.080519207785726 29.836525 2768934
2.081305133003238 2.082875929330033 2.082089713929659 29.824564 2744416
2.082875929330033 2.0844467256568278 2.0836601560524484 29.749401 2776786
2.0844467256568278 2.0860175219836226 2.085231586116797 29.724575 2759712
2.0860175219836226 2.087588318310418 2.086803244973615 29.720343 2784414
2.087588318310418 2.0891591146372126 2.0883734035067225 29.66876 2760076
2.0891591146372126 2.0907299109640074 2.089945117417591 29.701864 2800030
2.0907299109640074 2.092300707290802 2.091516175831416 29.667803 2768448
2.092300707290802 2.0938715036175974 2.0930888855162886 29.60256 2811306
2.0938715036175974 2.0954422999443922 2.0946606020344833 29.597734 2773632
2.0954422999443922 2.097013096271187 2.0962269831698572 29.589699 2802638
2.097013096271187 2.098583892597982 2.097797053983853 29.560734 2792948
2.098583892597982 2.1001546889247766 2.0993677797729817 29.523434 2814190
2.1001546889247766 2.101725485251572 2.1009377513866405 29.490747 2798972
2.101725485251572 2.1032962815783667 2.1025086843112195 29.427675 2826054
2.1032962815783667 2.1048670779051615 2.1040802346052287 29.406492 2807808
2.1048670779051615 2.1064378742319563 2.1056524038743296 29.397797 2838890
2.1064378742319563 2.1080086705587515 2.1072224354355473 29.366585 2809112
2.1080086705587515 2.1095794668855463 2.108791080637345 29.348864 2840014
2.1095794668855463 2.111150263212341 2.1103620211158525 29.32402 2826524
2.111150263212341 2.112721059539136 2.111933334961638 29.274313 2849910
2.112721059539136 2.1142918558659307 2.1135042353201055 29.346148 2835072
2.1142918558659307 2.115862652192726 2.1150741915015328 29.244017 2852346
2.115862652192726 2.1174334485195208 2.116645159398403 29.229471 2847552
2.1174334485195208 2.1190042448463156 2.1182175103246608 29.194613 2868278
2.1190042448463156 2.1205750411731104 2.1197873933788736 29.174894 2845028
2.1205750411731104 2.1221458374999056 2.121359352572539 29.147495 2884182
2.1221458374999056 2.1237166338267004 2.122929596081179 29.152723 2849372
2.1237166338267004 2.125287430153495 2.124501375384952 29.078072 2895430
2.125287430153495 2.12685822648029 2.1260739868104803 29.127571 2862168
2.12685822648029 2.128429022807085 2.127642687617843 29.05024 2889986
2.128429022807085 2.12999981913388 2.1292134131107225 29.020937 2878432
2.12999981913388 2.131570615460675 2.1307871839327 29.007292 2907950
2.131570615460675 2.1331414117874696 2.1323565209655175 28.996603 2871316
2.1331414117874696 2.1347122081142644 2.1339240483984327 28.917843 2912830
2.1347122081142644 2.1362830044410592 2.1354957521987714 28.935144 2891208
2.1362830044410592 2.1378538007678545 2.137067077736695 28.882442 2920938
2.1378538007678545 2.1394245970946493 2.1386376252625277 28.879234 2897224
2.1394245970946493 2.140995393421444 2.1402087343444114 28.838984 2932942
2.140995393421444 2.142566189748239 2.141779600305868 28.8147 2902836
2.142566189748239 2.144136986075034 2.143350958267801 28.793505 2943014
2.144136986075034 2.145707782401829 2.144921620549567 28.745422 2912208
2.145707782401829 2.1472785787286237 2.1464929484126447 28.7662 2950626
2.1472785787286237 2.1488493750554185 2.1480644177624963 28.709116 2922264
2.1488493750554185 2.1504201713822133 2.149634082033897 28.674753 2953802
2.1504201713822133 2.1519909677090086 2.151203677316793 28.719973 2930104
2.1519909677090086 2.1535617640358033 2.15277758862941 28.677046 2975750
2.1535617640358033 2.155132560362598 2.1543489697056732 28.624695 2932124
2.155132560362598 2.156703356689393 2.1559162005656174 28.577646 2970150
2.156703356689393 2.158274153016188 2.1574880712253828 28.590645 2954496
2.158274153016188 2.159844949342983 2.15905914622007 28.536634 2976762
2.159844949342983 2.161415745669778 2.160628316648018 28.4968 2958344
2.161415745669778 2.1629865419965726 2.1622010138621195 28.475319 2996622
2.1629865419965726 2.1645573383233674 2.163770951181197 28.47408 2956164
2.1645573383233674 2.1661281346501626 2.165341483673563 28.430017 3009182
2.1661281346501626 2.1676989309769574 2.166914470336502 28.460705 2973808
2.1676989309769574 2.1692697273037522 2.1684842673119484 28.392603 3004010
2.1692697273037522 2.170840523630547 2.170054785313035 28.390501 2986312
2.170840523630547 2.1724113199573423 2.171626303861121 28.363398 3018406
2.1724113199573423 2.173982116284137 2.1731978737067728 28.316797 2991540
2.173982116284137 2.175552912610932 2.174767100229769 28.263313 3020166
2.175552912610932 2.1771237089377267 2.1763363513931857 28.27444 3001444
2.1771237089377267 2.1786945052645215 2.1779097928986273 28.235664 3044326
2.1786945052645215 2.1802653015913167 2.179483398961625 28.210674 3008256
2.1802653015913167 2.1818360979181115 2.1810514065348374 28.202795 3033330
2.1818360979181115 2.1834068942449063 2.182620702128318 28.168161 3024008
2.1834068942449063 2.184977690571701 2.18419282128965 28.130436 3049158
2.184977690571701 2.1865484868984963 2.185764010606306 28.129025 3031132
2.1865484868984963 2.188119283225291 2.1873324137675314 28.056799 3047830
2.188119283225291 2.189690079552086 2.188901324254129 28.029644 3040856
2.189690079552086 2.1912608758788807 2.1904746818615743 28.04012 3073402
2.1912608758788807 2.1928316722056755 2.192044546160468 27.967445 3037328
2.1928316722056755 2.194402468532471 2.1936153914860435 27.976812 3085758
2.194402468532471 2.1959732648592656 2.1951889079356977 27.950506 3053100
2.1959732648592656 2.1975440611860604 2.1967585637758718 27.954506 3083670
2.1975440611860604 2.199114857512855 2.198327409649426 27.892647 3059264
2.199114857512855 2.2006856538396504 2.1998979205219116 27.923317 3095634
2.2006856538396504 2.2022564501664452 2.201469144314784 27.866024 3071880
2.2022564501664452 2.20382724649324 2.203040575111722 27.867296 3106730
2.20382724649324 2.205398042820035 2.2046107068200866 27.795172 3075800
2.205398042820035 2.2069688391468296 2.2061833510019317 27.73573 3122182
2.2069688391468296 2.208539635473625 2.2077546562335 27.767658 3081324
2.208539635473625 2.2101104318004197 2.2093239977730397 27.744291 3123998
2.2101104318004197 2.2116812281272145 2.210896126303713 27.721132 3100344
2.2116812281272145 2.2132520244540093 2.2124646277222078 27.70221 3118506
2.2132520244540093 2.2148228207808045 2.2140346139043356 27.668272 3116096
2.2148228207808045 2.2163936171075993 2.2156062997209753 27.659079 3133446
2.2163936171075993 2.217964413434394 2.217178142019852 27.656332 3124132
2.217964413434394 2.219535209761189 2.2187515621718736 27.585152 3150014
2.219535209761189 2.2211060060879837 2.2203185660230926 27.597124 3108656
2.2211060060879837 2.222676802414779 2.221887257487524 27.568546 3161586
2.222676802414779 2.2242475987415737 2.2234606289424046 27.545816 3139160
2.2242475987415737 2.2258183950683685 2.225032279589559 27.478464 3166062
2.2258183950683685 2.2273891913951633 2.226603080350082 27.492807 3140660
2.2273891913951633 2.228959987721958 2.2281759798898304 27.476894 3184366
2.228959987721958 2.2305307840487534 2.229748456194003 27.42298 3147812
2.2305307840487534 2.232101580375548 2.2313180799615138 27.398989 3184110
2.232101580375548 2.233672376702343 2.232888947111808 27.40385 3157328
2.233672376702343 2.2352431730291378 2.2344574522866862 27.332417 3186370
2.2352431730291378 2.236813969355933 2.2360275350564858 27.31614 3173112
2.236813969355933 2.238384765682728 2.237599595292579 27.32623 3202046
2.238384765682728 2.2399555620095226 2.239170410880108 27.281889 3177908
2.2399555620095226 2.2415263583363174 2.240742200256396 27.257816 3214270
2.2415263583363174 2.243097154663112 2.24231314979004 27.231964 3184768
2.243097154663112 2.2446679509899075 2.243886208561459 27.239756 3228058
2.2446679509899075 2.2462387473167023 2.2454558381421905 27.211592 3183528
2.2462387473167023 2.247809543643497 2.247021966948148 27.18624 3223550
2.247809543643497 2.249380339970292 2.248593280095991 27.152752 3209876
2.249380339970292 2.250951136297087 2.2501656532841365 27.095856 3238078
2.250951136297087 2.252521932623882 2.2517352288959316 27.070143 3210152
2.252521932623882 2.2540927289506767 2.2533049720006075 27.065676 3245874
2.2540927289506767 2.2556635252774715 2.2548769189977382 27.031963 3226040
2.2556635252774715 2.2572343216042663 2.2564484174800743 27.015394 3255994
2.2572343216042663 2.2588051179310615 2.2580188149496494 27.00443 3230736
2.2588051179310615 2.2603759142578563 2.2595891380894213 26.964018 3262142
2.2603759142578563 2.261946710584651 2.2611587831031423 26.978115 3238812
2.261946710584651 2.263517506911446 2.262726301116037 26.952145 3263262
2.263517506911446 2.265088303238241 2.264298583825227 26.949478 3264800
2.265088303238241 2.266659099565036 2.265871942826005 26.90288 3278130
2.266659099565036 2.2682298958918308 2.267442401466423 26.866442 3262808
2.2682298958918308 2.2698006922186256 2.2690143978277475 26.839483 3293790
2.2698006922186256 2.2713714885454204 2.2705847764748284 26.794289 3262308
2.2713714885454204 2.2729422848722156 2.2721558928516328 26.805208 3308022
2.2729422848722156 2.2745130811990104 2.2737266904457574 26.816965 3271784
2.2745130811990104 2.276083877525805 2.275296643759992 26.718006 3310098
2.276083877525805 2.2776546738526 2.27686664413848 26.775497 3282200
2.2776546738526 2.2792254701793953 2.2784390848281193 26.68002 3330346
2.2792254701793953 2.28079626650619 2.280013050473753 26.686308 3298656
2.28079626650619 2.282367062832985 2.2815855623415375 26.66613 3329966
2.282367062832985 2.2839378591597796 2.283152968012499 26.65532 3289476
2.2839378591597796 2.2855086554865744 2.284720617680421 26.597727 3340022
2.2855086554865744 2.2870794518133697 2.2862935308831176 26.585558 3318192
2.2870794518133697 2.2886502481401645 2.287864158025422 26.575212 3341058
2.2886502481401645 2.2902210444669593 2.28943408330705 26.520311 3325368
2.2902210444669593 2.291791840793754 2.2910068574584113 26.54215 3360638
2.291791840793754 2.2933626371205493 2.2925788668433893 26.513905 3329740
2.2933626371205493 2.294933433447344 2.294148374847891 26.488447 3364046
2.294933433447344 2.296504229774139 2.2957189453815925 26.48537 3341992
2.296504229774139 2.2980750261009337 2.2972894718656125 26.434 3369562
2.2980750261009337 2.2996458224277285 2.2988587173836144 26.415344 3348504
2.2996458224277285 2.3012166187545238 2.3004298812866857 26.381939 3387174
2.3012166187545238 2.3027874150813186 2.3020018888749294 26.352238 3359716
2.3027874150813186 2.3043582114081134 2.303573530764387 26.346695 3395038
2.3043582114081134 2.305929007734908 2.3051447005788375 26.355953 3368212
2.305929007734908 2.307499804061703 2.306716845748304 26.290743 3408358
2.307499804061703 2.309070600388498 2.308289013763099 26.316376 3376232
2.309070600388498 2.310641396715293 2.3098545310921836 26.230492 3391162
2.310641396715293 2.312212193042088 2.3114235627771786 26.22365 3399168
2.312212193042088 2.3137829893688826 2.312997356632757 26.210459 3419078
2.3137829893688826 2.315353785695678 2.314568843153715 26.155376 3399908
2.315353785695678 2.3169245820224726 2.316140513307281 26.160145 3430654
2.3169245820224726 2.3184953783492674 2.317710222369058 26.111614 3400408
2.3184953783492674 2.3200661746760622 2.31928029321016 26.177061 3438778
2.3200661746760622 2.321636971002857 2.3208492177591693 26.090462 3407616
2.321636971002857 2.3232077673296523 2.3224193733035654 26.068398 3453846
2.3232077673296523 2.324778563656447 2.3239918011425007 26.060722 3423428
2.324778563656447 2.326349359983242 2.3255622938346248 26.023855 3456966
2.326349359983242 2.3279201563100367 2.3271332133365994 25.978361 3434216
2.3279201563100367 2.329490952636832 2.328705842637684 26.009056 3472962
2.329490952636832 2.3310617489636267 2.3302775704079735 25.942406 3440088
2.3310617489636267 2.3326325452904215 2.33184766734175 25.96359 3476946
2.3326325452904215 2.3342033416172163 2.3334171317966064 25.929495 3446088
2.3342033416172163 2.335774137944011 2.3349885560925814 25.906698 3491846
2.335774137944011 2.3373449342708064 2.3365598386818744 25.889874 3457684
2.3373449342708064 2.338915730597601 2.3381285264099043 25.86722 3489566
2.338915730597601 2.340486526924396 2.339699002180055 25.824171 3473632
2.340486526924396 2.3420573232511908 2.3412718967973536 25.823494 3508474
2.3420573232511908 2.343628119577986 2.342843081319917 25.824116 3479232
2.343628119577986 2.345198915904781 2.344414151401541 25.765287 3516486
2.345198915904781 2.3467697122315756 2.345984475215753 25.761139 3481900
2.3467697122315756 2.3483405085583704 2.347553904267841 25.732277 3524782
2.3483405085583704 2.349911304885165 2.3491253531021266 25.734428 3501432
2.349911304885165 2.3514821012119604 2.3506976303367546 25.669271 3534434
2.3514821012119604 2.3530528975387552 2.3522680174761903 25.620607 3503320
2.3530528975387552 2.35462369386555 2.3538394190042586 25.671366 3550790
2.35462369386555 2.356194490192345 2.355409839458702 25.58956 3505500
2.356194490192345 2.35776528651914 2.3569786211403874 25.581093 3553694
2.35776528651914 2.359336082845935 2.358549601687524 25.597456 3526876
2.359336082845935 2.3609068791727297 2.3601212555255415 25.549913 3564926
2.3609068791727297 2.3624776754995245 2.361691987488423 25.518988 3529208
2.3624776754995245 2.3640484718263193 2.363261400094698 25.485437 3571458
2.3640484718263193 2.3656192681531145 2.364833444763775 25.467508 3551720
2.3656192681531145 2.3671900644799093 2.3664053079977805 25.45394 3577350
2.3671900644799093 2.368760860806704 2.367974781675397 25.440369 3550092
2.368760860806704 2.370331657133499 2.3695452172436635 25.417545 3593190
2.370331657133499 2.371902453460294 2.371116238478627 25.414154 3562752
2.371902453460294 2.373473249787089 2.3726870539917577 25.389635 3598730
2.373473249787089 2.3750440461138838 2.3742573338110975 25.365158 3572416
2.3750440461138838 2.3766148424406786 2.3758285420515595 25.310894 3612278
2.3766148424406786 2.3781856387674734 2.3773993541831735 25.314302 3578252
2.3781856387674734 2.3797564350942686 2.3789709090471822 25.260288 3625662
2.3797564350942686 2.3813272314210634 2.3805391973264047 25.254856 3576288
2.3813272314210634 2.382898027747858 2.382110188067777 25.231302 3643458
2.382898027747858 2.384468824074653 2.383683765512658 25.224047 3596384
2.384468824074653 2.3860396204014482 2.3852516832846953 25.189144 3632250
2.3860396204014482 2.387610416728243 2.3868225527917675 25.19079 3618024
