data/AbacusSummit_base_c009_ph000/z1.100/power_nfft2048.csv
# %ECSV 0.9
# ---
# datatype:
# - {name: kmin, datatype: float64}
# - {name: kmax, datatype: float64}
# - {name: kavg, datatype: float64}
# - {name: power, datatype: float32}
# - {name: N_modes, datatype: uint64}
# meta:
#   AllowGroupFinding: 1
#   BackupDirectory: /gpfs/alpine/proj-shared/ast145/AbacusSummit/AbacusSummit_base_c009_ph000
#   BackupStepInterval: -1
#   BoxSize: 2000.0
#   BoxSizeHMpc: 2000.0
#   BoxSizeMpc: 2969.1211401425176
#   CPD: 1701
#   CodeVersion: 8d43e2d166b9bcb0168a6ca49a4643d06bfb2625
#   Conv_IOCores: 0
#   Conv_IOMode: overwrite
#   Conv_OMP_NUM_THREADS: 42
#   Conv_OMP_PLACES: '{0}:21:4,{88}:21:4'
#   Conv_OMP_PROC_BIND: spread
#   Conv_zwidth: 0
#   ConvolutionCacheSizeMB: 200
#   ConvolutionL1CacheSizeMB: 0.015625
#   CoordinateDistanceHMpc: 2456.947135925205
#   DeleteICsAfterFirstBackup: 1
#   DeltaEtaDrift: 0.0004355664602622156
#   DeltaRedshift: 0.000393111943403
#   DeltaScaleFactor: 8.9124346514e-05
#   DeltaTime: 9.8749419432e-05
#   DensityKernelRad: 0.4
#   DensityKernelRad2: 3.34898e-09
#   DerivativeExpansionRadius: 8
#   DerivativesDirectory: /gpfs/alpine/proj-shared/ast145/Derivatives
#   DirectBPD: 2
#   Do2LPTVelocityRereading: 0
#   DoublePrecision: 0
#   FinalRedshift: 0.1
#   FirstHalfEtaKick: 0.0001037014470748332
#   FoFLinkingLength: !!python/tuple [0.25, 0.25, 0.25]
#   FullStepNumber: 586
#   GPUQueueAssignments: !!python/tuple [0, 0, 0, 1, 1, 1]
#   GPUThreadCoreStart: !!python/tuple [72, 76, 80, 160, 164, 168]
#   GroupDirectory: /gpfs/alpine/proj-shared/ast145/AbacusSummit/AbacusSummit_base_c009_ph000/group
#   GroupRadius: 10
#   Growth: 0.457735104839029
#   Growth_on_a_n: 0.961243720161962
#   H0: 67.36
#   Htime: 0.714767179911574
#   HubbleNow: 1.895275835333738
#   HubbleTimeGyr: 14.516330166270784
#   HubbleTimeHGyr: 9.7782
#   ICFormat: RVZel
#   ICPositionRange: 2000
#   ICVelocity2Displacement: 1.0
#   IOCores: 68
#   InitialConditionsDirectory: /gpfs/alpine/proj-shared/ast145/AbacusSummit/AbacusSummit_base_c009_ph000/ic
#   InitialRedshift: 99.0
#   L0DensityThreshold: 67.03486204147339
#   L1OutputRedshifts: !!python/tuple [8.0, 5.0, 3.0, 2.75, 2.5, 2.25, 2.0, 1.85, 1.7, 1.625, 1.55, 1.475, 1.4, 1.325, 1.25, 1.175, 1.1,
#     1.025, 0.95, 0.875, 0.8, 0.725, 0.65, 0.575, 0.5, 0.45, 0.4, 0.35, 0.3, 0.25, 0.2, 0.15, 0.1]
#   LPTStepNumber: 0
#   LagrangianPTOrder: 2
#   LastHalfEtaKick: 0.0001036917421806116
#   LightConeDirectory: /gpfs/alpine/proj-shared/ast145/AbacusSummit/AbacusSummit_base_c009_ph000/lightcone
#   LightConeOrigins: !!python/tuple [-990.0, -990.0, -990.0, -990.0, -990.0, -2990.0, -990.0, -2990.0, -990.0]
#   LocalWorkingDirectory: /dev/shm/nmaksimova//AbacusSummit_base_c009_ph000
#   LogDirectory: /gpfs/alpine/proj-shared/ast145/AbacusSummit/AbacusSummit_base_c009_ph000/log
#   LogVerbosity: 2
#   MachineName: a07n05
#   MicrostepTimeStep: 0
#   MinL1HaloNP: 35
#   MultipoleDirectory: /dev/shm/nmaksimova//AbacusSummit_base_c009_ph000/multipole
#   MunmapThreadCore: 69
#   NGPUThreadCores: 2
#   NLightCones: 3
#   NP: 330225942528
#   N_ncdm: 0.0
#   N_ur: 3.046
#   NearFieldRadius: 2
#   NodeRank: 0
#   NodeSize: 0
#   NumSlabsInsertList: 2
#   NumSlabsInsertListIC: 8
#   OMP_NUM_THREADS: 70
#   OMP_PLACES: '{0}:17:4,{1}:17:4,{88}:18:4,{89}:18:4'
#   OMP_PROC_BIND: spread
[...]
#   SofteningMax: 0.08680555555555561
#   SofteningType: single_spline
#   StateIOMode: overwrite
#   TaylorDirectory: /dev/shm/nmaksimova//AbacusSummit_base_c009_ph000/taylor
#   Time: 0.377130951910074
#   TimeSliceRedshifts: !!python/tuple [2.5, 1.4, 0.8, 0.2]
#   TimeSliceRedshifts_Subsample: !!python/tuple [3.0, 2.5, 2.0, 1.7, 1.4, 1.1, 0.8, 0.5, 0.4, 0.3, 0.2, 0.1]
#   TimeStepAccel: 0.25
#   TimeStepDlna: 0.03
#   VelZSpace_to_Canonical: 0.429767763114226
#   VelZSpace_to_kms: 180502.4605079751
#   WorkingDirectory: /gpfs/alpine/proj-shared/ast145/AbacusSummit/AbacusSummit_base_c009_ph000
#   ZD_NumBlock: 384
#   ZD_PLT_filename: /ccs/home/nmaksimova/abacus/external/zeldovich-PLT/eigmodes128
#   ZD_PLT_target_z: 12.0
#   ZD_Pk_file_redshift: 1.0
#   ZD_Pk_filename: /ccs/home/nmaksimova/abacus/external/AbacusSummit/Cosmologies/abacus_cosm009/CLASS_power
#   ZD_Pk_norm: 8.0
#   ZD_Pk_scale: 1.0
#   ZD_Pk_sigma_ratio: 0.020925040768040144
#   ZD_Pk_smooth: 0.0
#   ZD_Seed: 12321
#   ZD_Version: 2
#   ZD_f_cluster: 1.0
#   ZD_k_cutoff: 1.0
#   ZD_mpirun_cmd: jsrun -n1 -cALL_CPUS -a1 -r1 -b rs
#   ZD_qPLT: 1
#   ZD_qPLT_rescale: 1
#   ZeldovichDirectory: /ccs/home/nmaksimova/abacus/external/zeldovich-PLT
#   checkpoint_timeout: 5
#   etaD: -5.287512741039896
#   etaK: 2.425785274402421
#   f_growth: 0.890501274617976
#   fsmooth: 0.0
#   hMpc: 1
#   mpirun_cmd: jsrun -nALL_HOSTS -cALL_CPUS -a1 -r1 -gALL_GPUS -b none
#   n_s: 0.9649
#   omega_b: 0.02237
#   omega_cdm: 0.12
#   omega_ncdm: 0.0
#   ppd: 6912.0
#   step_timeout: 15
#   w: -1.0
#   w0: -1.0
#   wa: 0.0
# schema: astropy-2.0
kmin kmax kavg power N_modes
[from data line 651]
1.0225884087434778 1.0241592050702726 1.0233724606366073 66.6739 660096
1.0241592050702726 1.0257300013970676 1.0249450404612863 66.49243 677198
1.0257300013970676 1.0273007977238624 1.0265173001284253 66.29122 662772
1.0273007977238624 1.0288715940506572 1.0280863779341733 66.35532 679958
1.0288715940506572 1.0304423903774522 1.029657339726986 66.09468 668584
1.0304423903774522 1.032013186704247 1.0312267129142432 66.19415 681986
1.032013186704247 1.033583983031042 1.0327996824080108 65.83802 675504
1.033583983031042 1.0351547793578368 1.0343726739566677 65.62961 687086
1.0351547793578368 1.0367255756846319 1.0359448293699014 65.713875 678148
1.0367255756846319 1.0382963720114267 1.0375177029942484 65.48923 691550
1.0382963720114267 1.0398671683382217 1.0390890652091187 65.509895 682292
1.0398671683382217 1.0414379646650165 1.0406578473978831 65.40219 692622
1.0414379646650165 1.0430087609918113 1.0422225504278613 65.36915 683016
1.0430087609918113 1.0445795573186063 1.043791632280776 65.12419 700554
1.0445795573186063 1.046150353645401 1.0453589577515925 64.97719 686312
1.046150353645401 1.0477211499721961 1.0469325030446335 64.91815 709062
1.0477211499721961 1.049291946298991 1.0485095237064073 64.65527 693284
1.049291946298991 1.050862742625786 1.050074187153627 64.71681 703710
1.050862742625786 1.0524335389525807 1.0516395749550729 64.578865 697824
1.0524335389525807 1.0540043352793758 1.053212221905862 64.2702 713706
1.0540043352793758 1.0555751316061706 1.054786064235911 64.15896 703328
1.0555751316061706 1.0571459279329654 1.0563546694252954 64.18073 714246
1.0571459279329654 1.0587167242597604 1.0579254416675579 64.16197 708412
1.0587167242597604 1.0602875205865552 1.0594988251764503 63.99036 720422
1.0602875205865552 1.0618583169133502 1.0610676404850337 63.7251 709756
1.0618583169133502 1.063429113240145 1.0626426203036825 63.940723 729262
1.063429113240145 1.06499990956694 1.0642179906961111 63.559574 714400
1.06499990956694 1.0665707058937348 1.0657844359258797 63.439365 726298
1.0665707058937348 1.0681415022205296 1.0673517798815848 63.516945 719568
1.0681415022205296 1.0697122985473246 1.0689247562091935 63.30405 734070
1.0697122985473246 1.0712830948741194 1.070497194691178 63.10804 724572
1.0712830948741194 1.0728538912009145 1.0720694865586342 63.05417 738854
1.0728538912009145 1.0744246875277093 1.0736409882487112 63.073456 726744
1.0744246875277093 1.0759954838545043 1.075213540952201 62.937054 744306
1.0759954838545043 1.077566280181299 1.0767799352316192 62.991398 725984
1.077566280181299 1.079137076508094 1.0783484869654143 62.669113 750654
1.079137076508094 1.080707872834889 1.0799253562038522 62.672585 737508
1.080707872834889 1.0822786691616837 1.0814933558958573 62.545166 746958
1.0822786691616837 1.0838494654884787 1.0830598985661286 62.3024 740880
1.0838494654884787 1.0854202618152735 1.0846369141465944 62.358536 760274
1.0854202618152735 1.0869910581420685 1.0862125676792769 62.056072 743904
1.0869910581420685 1.0885618544688633 1.0877795531517727 62.21899 757802
1.0885618544688633 1.0901326507956584 1.089348401004938 61.880238 748776
1.0901326507956584 1.0917034471224532 1.0909181432689625 61.76918 762726
1.0917034471224532 1.0932742434492482 1.0924861775027372 61.640427 752260
1.0932742434492482 1.094845039776043 1.0940540949228432 61.76535 767974
1.094845039776043 1.0964158361028378 1.09562698310406 61.43141 759152
1.0964158361028378 1.0979866324296328 1.0972028900931077 61.4264 775858
1.0979866324296328 1.0995574287564276 1.0987732480371228 61.297096 760280
1.0995574287564276 1.1011282250832226 1.1003489595856701 61.208908 783078
1.1011282250832226 1.1026990214100174 1.101918537093047 61.280422 759452
1.1026990214100174 1.1042698177368124 1.103476730412291 61.227295 776302
1.1042698177368124 1.1058406140636072 1.1050465536954488 61.12278 775568
1.1058406140636072 1.1074114103904023 1.1066256513819688 60.79396 789234
1.1074114103904023 1.108982206717197 1.108196623378851 60.832043 772600
1.108982206717197 1.1105530030439918 1.1097638985560458 60.596375 790438
1.1105530030439918 1.1121237993707869 1.1113391813884013 60.37418 783452
1.1121237993707869 1.1136945956975817 1.1129134417213609 60.5932 794974
1.1136945956975817 1.1152653920243767 1.1144804178191345 60.31573 780764
1.1152653920243767 1.1168361883511715 1.1160487880252492 60.20379 800718
1.1168361883511715 1.1184069846779665 1.1176234885721679 60.25438 790360
1.1184069846779665 1.1199777810047613 1.1191937297472343 59.860207 801890
1.1199777810047613 1.121548577331556 1.1207603575960976 59.880272 791872
1.121548577331556 1.1231193736583511 1.122332285597617 59.9386 810358
1.1231193736583511 1.124690169985146 1.1239049065047462 59.870884 797180
1.124690169985146 1.126260966311941 1.1254693319414468 59.63037 807574
1.126260966311941 1.1278317626387357 1.1270388111336516 59.722256 805888
1.1278317626387357 1.1294025589655308 1.1286139745123753 59.67172 817570
1.1294025589655308 1.1309733552923256 1.130182230148995 59.58558 804408
1.1309733552923256 1.1325441516191206 1.1317496362162056 59.260166 820502
1.1325441516191206 1.1341149479459154 1.1333244883867648 59.4719 816620
1.1341149479459154 1.1356857442727102 1.1349023402421503 59.098026 828502
1.1356857442727102 1.1372565405995052 1.136468188703431 59.01366 809408
1.1372565405995052 1.1388273369263 1.1380383585203033 58.931854 835722
1.1388273369263 1.140398133253095 1.1396162496666196 58.657867 822928
1.140398133253095 1.1419689295798898 1.1411865774896575 58.707928 832778
1.1419689295798898 1.1435397259066848 1.1427530147700387 58.6523 823424
1.1435397259066848 1.1451105222334796 1.144322987594289 58.49543 840078
1.1451105222334796 1.1466813185602747 1.1458942112335284 58.346115 829420
1.1466813185602747 1.1482521148870695 1.147465068790042 58.443043 846094
1.1482521148870695 1.1498229112138643 1.1490391486001417 58.439617 835680
1.1498229112138643 1.1513937075406593 1.1506120136702804 58.2687 849618
1.1513937075406593 1.152964503867454 1.1521766292552469 58.037346 831904
1.152964503867454 1.154535300194249 1.1537444459833501 58.06485 857662
1.154535300194249 1.156106096521044 1.1553199522565687 57.865482 844092
1.156106096521044 1.157676892847839 1.1568871520684574 57.88011 853758
1.157676892847839 1.1592476891746337 1.1584562302531864 57.493378 851560
1.1592476891746337 1.1608184855014285 1.1600347772389443 57.739155 866986
1.1608184855014285 1.1623892818282235 1.1616093112849115 57.75918 852912
1.1623892818282235 1.1639600781550183 1.1631786887546032 57.547523 866910
1.1639600781550183 1.1655308744818134 1.1647478346173896 57.280064 855692
1.1655308744818134 1.1671016708086082 1.1663164407772983 57.421543 870894
1.1671016708086082 1.1686724671354032 1.16788406265454 57.130035 860308
1.1686724671354032 1.170243263462198 1.1694546086872601 57.113922 878878
1.170243263462198 1.171814059788993 1.171027923913819 57.059647 867024
1.171814059788993 1.1733848561157878 1.1726016610016545 56.997765 884514
1.1733848561157878 1.1749556524425826 1.1741719907190327 56.920464 868584
1.1749556524425826 1.1765264487693776 1.175743490069812 56.773487 889478
1.1765264487693776 1.1780972450961724 1.1773152822972843 56.700703 874012
1.1780972450961724 1.1796680414229674 1.1788819492374607 56.61371 888998
1.1796680414229674 1.1812388377497622 1.1804521830651933 56.44552 882296
1.1812388377497622 1.1828096340765573 1.1820254495066282 56.50072 896346
1.1828096340765573 1.184380430403352 1.183592651953329 56.434616 880872
1.184380430403352 1.185951226730147 1.18516461646462 56.31712 907710
1.185951226730147 1.1875220230569419 1.186740454997906 56.094128 887676
1.1875220230569419 1.1890928193837367 1.188310767978432 56.161114 907070
1.1890928193837367 1.1906636157105317 1.1898783630902285 55.985657 890544
1.1906636157105317 1.1922344120373265 1.1914476755002026 56.02554 912746
1.1922344120373265 1.1938052083641215 1.1930202981970437 55.728848 898584
1.1938052083641215 1.1953760046909163 1.1945879279798965 55.692806 912474
1.1953760046909163 1.1969468010177113 1.1961584241445615 55.67581 907424
1.1969468010177113 1.1985175973445061 1.1977341629054434 55.58141 920934
1.1985175973445061 1.200088393671301 1.1993003834277305 55.377865 903108
1.200088393671301 1.201659189998096 1.2008685844396376 55.47398 928254
1.201659189998096 1.2032299863248908 1.202441339215292 55.422676 911976
1.2032299863248908 1.2048007826516858 1.2040112838571504 55.143948 930482
1.2048007826516858 1.2063715789784806 1.2055834386591155 55.26334 919608
1.2063715789784806 1.2079423753052756 1.2071487001512076 55.079426 927390
1.2079423753052756 1.2095131716320704 1.2087208805713696 55.134518 930476
1.2095131716320704 1.2110839679588654 1.2102968237696172 54.89852 938646
1.2110839679588654 1.2126547642856602 1.2118697911386773 54.872807 932288
1.2126547642856602 1.214225560612455 1.2134443467986518 54.842834 944058
1.214225560612455 1.21579635693925 1.2150129421560028 54.730556 930016
1.21579635693925 1.2173671532660448 1.216581135870103 54.61239 949490
1.2173671532660448 1.2189379495928399 1.2181518333915429 54.656387 937928
1.2189379495928399 1.2205087459196347 1.2197246320263542 54.52825 955398
1.2205087459196347 1.2220795422464297 1.221294269354389 54.48099 940020
1.2220795422464297 1.2236503385732245 1.2228650397956518 54.260223 961806
1.2236503385732245 1.2252211349000195 1.224440393676832 54.28256 949088
1.2252211349000195 1.2267919312268143 1.2260111541109449 54.1062 962874
1.2267919312268143 1.228362727553609 1.2275758797482286 54.056133 947104
1.228362727553609 1.2299335238804041 1.2291460375523597 53.955845 972094
1.2299335238804041 1.231504320207199 1.2307192462138656 53.85506 956988
1.231504320207199 1.233075116533994 1.2322891461735979 53.84638 973254
1.233075116533994 1.2346459128607887 1.2338591318418535 53.73646 962264
1.2346459128607887 1.2362167091875838 1.2354322398241635 53.572056 980178
1.2362167091875838 1.2377875055143785 1.2370024747223816 53.526287 964864
1.2377875055143785 1.2393583018411733 1.2385732480898046 53.601875 986870
1.2393583018411733 1.2409290981679684 1.2401425065504446 53.65854 966348
1.2409290981679684 1.2424998944947632 1.241708955965993 53.523003 989054
1.2424998944947632 1.2440706908215582 1.2432813545462131 53.16315 978884
1.2440706908215582 1.245641487148353 1.2448529948254745 53.16791 992974
1.245641487148353 1.247212283475148 1.2464264511165315 53.21069 984824
1.247212283475148 1.2487830798019428 1.2480002787238982 53.15059 1000074
1.2487830798019428 1.2503538761287378 1.249567178376846 53.19795 981184
1.2503538761287378 1.2519246724555326 1.2511356424709559 52.88183 1005238
1.2519246724555326 1.2534954687823274 1.2527076162114574 52.81896 992132
1.2534954687823274 1.2550662651091224 1.2542740618798711 52.850216 1004014
1.2550662651091224 1.2566370614359172 1.255845504023459 52.768623 1002000
1.2566370614359172 1.2582078577627123 1.2574222017557892 52.66378 1015106
1.2582078577627123 1.259778654089507 1.2589913678768234 52.521572 999224
1.259778654089507 1.261349450416302 1.2605618906734029 52.40529 1021414
1.261349450416302 1.2629202467430969 1.2621367173708526 52.50792 1008716
1.2629202467430969 1.264491043069892 1.263706417006322 52.360474 1020630
1.264491043069892 1.2660618393966867 1.2652733698111418 52.226868 1011040
1.2660618393966867 1.2676326357234815 1.2668443706691954 52.028717 1029962
1.2676326357234815 1.2692034320502765 1.268417497726927 52.064793 1018504
1.2692034320502765 1.2707742283770713 1.2699884078280173 51.937725 1032946
1.2707742283770713 1.2723450247038663 1.271560932203449 51.977287 1025720
1.2723450247038663 1.2739158210306611 1.2731358963128134 51.905693 1040166
1.2739158210306611 1.2754866173574562 1.2747059801896203 51.84315 1025636
1.2754866173574562 1.277057413684251 1.2762709569771427 51.806744 1038910
1.277057413684251 1.278628210011046 1.2778398079621796 51.659492 1033928
1.278628210011046 1.2801990063378408 1.2794116469057673 51.600227 1048722
1.2801990063378408 1.2817698026646356 1.2809796289069024 51.55907 1035168
1.2817698026646356 1.2833405989914306 1.2825525295190665 51.530106 1060014
1.2833405989914306 1.2849113953182254 1.2841283484773724 51.43078 1042196
1.2849113953182254 1.2864821916450204 1.2856984825215017 51.255657 1059150
1.2864821916450204 1.2880529879718152 1.287266734982181 51.29895 1046128
1.2880529879718152 1.2896237842986102 1.2888406336127072 51.220337 1069426
1.2896237842986102 1.291194580625405 1.2904111670656306 51.195824 1047832
1.291194580625405 1.2927653769521998 1.2919763347183495 51.067047 1067822
1.2927653769521998 1.2943361732789949 1.2935495899539702 50.99626 1062684
1.2943361732789949 1.2959069696057897 1.2951266652528235 50.847866 1078382
1.2959069696057897 1.2974777659325847 1.2966955193019563 50.83503 1058396
1.2974777659325847 1.2990485622593795 1.29826330859845 50.81361 1081390
1.2990485622593795 1.3006193585861745 1.2998357886436929 50.739006 1067992
1.3006193585861745 1.3021901549129693 1.3014048368474063 50.69673 1084210
1.3021901549129693 1.3037609512397643 1.3029716847564992 50.762295 1070128
1.3037609512397643 1.3053317475665591 1.3045408801365916 50.58023 1090958
1.3053317475665591 1.306902543893354 1.3061150133331745 50.513924 1082492
1.306902543893354 1.308473340220149 1.3076862860310852 50.489265 1093566
1.308473340220149 1.3100441365469437 1.3092537081650848 50.313198 1082280
1.3100441365469437 1.3116149328737388 1.3108291696560443 50.149097 1108538
1.3116149328737388 1.3131857292005336 1.312397963574433 50.15084 1079488
1.3131857292005336 1.3147565255273286 1.3139652257642929 50.139038 1111670
1.3147565255273286 1.3163273218541234 1.315539853684551 49.996944 1093804
1.3163273218541234 1.3178981181809184 1.3171103694637738 50.031532 1111510
1.3178981181809184 1.3194689145077132 1.3186789593655908 49.897823 1097776
1.3194689145077132 1.321039710834508 1.3202493416538654 49.911705 1117778
1.321039710834508 1.322610507161303 1.3218215017017287 49.825096 1105608
1.322610507161303 1.3241813034880978 1.3233938044435392 49.73454 1124954
1.3241813034880978 1.3257520998148928 1.324964189217619 49.77844 1107544
1.3257520998148928 1.3273228961416876 1.3265372274689429 49.548206 1132070
1.3273228961416876 1.3288936924684827 1.3281117728221568 49.634888 1116572
1.3288936924684827 1.3304644887952775 1.3296801157429345 49.375526 1129134
1.3304644887952775 1.3320352851220723 1.331249135290383 49.339 1121616
1.3320352851220723 1.3336060814488673 1.3328206806283895 49.382927 1138058
1.3336060814488673 1.335176877775662 1.3343886158976028 49.343758 1122864
1.335176877775662 1.336747674102457 1.335961181623598 49.213623 1150350
1.336747674102457 1.338318470429252 1.3375373487267452 49.21903 1131548
1.338318470429252 1.339889266756047 1.3391065013049404 49.053734 1147254
1.339889266756047 1.3414600630828417 1.3406756206081263 48.892635 1136128
1.3414600630828417 1.3430308594096367 1.3422489025303608 48.87257 1157906
1.3430308594096367 1.3446016557364315 1.343821306834275 48.95249 1140664
1.3446016557364315 1.3461724520632263 1.3453864237842046 48.830296 1154278
1.3461724520632263 1.3477432483900214 1.346956559129098 48.831047 1151924
1.3477432483900214 1.3493140447168162 1.3485308648814343 48.697178 1165126
1.3493140447168162 1.3508848410436112 1.3500999415323764 48.55091 1151196
1.3508848410436112 1.352455637370406 1.3516699282611446 48.608337 1171646
1.352455637370406 1.354026433697201 1.3532399537648838 48.38754 1155472
1.354026433697201 1.3555972300239958 1.3548089350773962 48.48824 1175338
1.3555972300239958 1.3571680263507908 1.3563781014925582 48.309025 1162952
1.3571680263507908 1.3587388226775856 1.3579497384720955 48.347588 1183006
1.3587388226775856 1.3603096190043804 1.3595206139246327 48.381374 1167852
1.3603096190043804 1.3618804153311754 1.361089479363315 48.223873 1185734
1.3618804153311754 1.3634512116579702 1.3626617924413016 48.00688 1178144
1.3634512116579702 1.3650220079847653 1.3642392736199773 48.040615 1198066
