data/AbacusSummit_base_c000_ph000/z1.100/r_smooth_0/power_nfft2048.csv
# %ECSV 0.9
# ---
# datatype:
# - {name: kmin, datatype: float64}
# - {name: kmax, datatype: float64}
# - {name: kavg, datatype: float64}
# - {name: power, datatype: float32}
# - {name: N_modes, datatype: uint64}
# meta:
#   AllowGroupFinding: 1
#   BackupDirectory: /gpfs/alpine/proj-shared/ast145/AbacusSummit/AbacusSummit_base_c000_ph000
#   BackupStepInterval: -1
#   BoxSize: 2000.0
#   BoxSizeHMpc: 2000.0
#   BoxSizeMpc: 2969.1211401425176
#   CPD: 1701
#   CodeVersion: 8d43e2d166b9bcb0168a6ca49a4643d06bfb2625
#   Conv_IOCores: 0
#   Conv_IOMode: overwrite
#   Conv_OMP_NUM_THREADS: 42
#   Conv_OMP_PLACES: '{0}:21:4,{88}:21:4'
#   Conv_OMP_PROC_BIND: spread
#   Conv_zwidth: 0
#   ConvolutionCacheSizeMB: 200
#   ConvolutionL1CacheSizeMB: 0.015625
#   CoordinateDistanceHMpc: 2454.803659423134
#   DeleteICsAfterFirstBackup: 1
#   DeltaEtaDrift: 0.0007906577988272545
#   DeltaRedshift: 0.000714768761372
#   DeltaScaleFactor: 0.00016202393676
#   DeltaTime: 0.000179226480857
#   DensityKernelRad: 0.4
#   DensityKernelRad2: 3.34898e-09
#   DerivativeExpansionRadius: 8
#   DerivativesDirectory: /gpfs/alpine/proj-shared/ast145/Derivatives
#   DirectBPD: 2
#   Do2LPTVelocityRereading: 0
#   DoublePrecision: 0
#   FinalRedshift: 0.1
#   FirstHalfEtaKick: 0.0001882358404348139
#   FoFLinkingLength: !!python/tuple [0.25, 0.25, 0.25]
#   FullStepNumber: 588
#   GPUQueueAssignments: !!python/tuple [0, 0, 0, 1, 1, 1]
#   GPUThreadCoreStart: !!python/tuple [72, 76, 80, 160, 164, 168]
#   GroupDirectory: /gpfs/alpine/proj-shared/ast145/AbacusSummit/AbacusSummit_base_c000_ph000/group
#   GroupRadius: 10
#   Growth: 0.45881233061153
#   Growth_on_a_n: 0.961573390016078
#   H0: 67.36
#   Htime: 0.714476693031116
#   HubbleNow: 1.898368012794148
#   HubbleTimeGyr: 14.516330166270784
#   HubbleTimeHGyr: 9.7782
#   ICFormat: RVZel
#   ICPositionRange: 2000
#   ICVelocity2Displacement: 1.0
#   IOCores: 68
#   InitialConditionsDirectory: /gpfs/alpine/proj-shared/ast145/AbacusSummit/AbacusSummit_base_c000_ph000/ic
#   InitialRedshift: 99.0
#   L0DensityThreshold: 66.99181795120239
#   L1OutputRedshifts: !!python/tuple [8.0, 5.0, 3.0, 2.75, 2.5, 2.25, 2.0, 1.85, 1.7, 1.625, 1.55, 1.475, 1.4, 1.325, 1.25, 1.175, 1.1,
#     1.025, 0.95, 0.875, 0.8, 0.725, 0.65, 0.575, 0.5, 0.45, 0.4, 0.35, 0.3, 0.25, 0.2, 0.15, 0.1]
#   LPTStepNumber: 0
#   LagrangianPTOrder: 2
#   LastHalfEtaKick: 0.0001882038140634812
#   LightConeDirectory: /gpfs/alpine/proj-shared/ast145/AbacusSummit/AbacusSummit_base_c000_ph000/lightcone
#   LightConeOrigins: !!python/tuple [-990.0, -990.0, -990.0, -990.0, -990.0, -2990.0, -990.0, -2990.0, -990.0]
#   LocalWorkingDirectory: /dev/shm/nmaksimova//AbacusSummit_base_c000_ph000
#   LogDirectory: /gpfs/alpine/proj-shared/ast145/AbacusSummit/AbacusSummit_base_c000_ph000/log
#   LogVerbosity: 2
#   MachineName: d14n02
#   MicrostepTimeStep: 0
#   MinL1HaloNP: 35
#   MultipoleDirectory: /dev/shm/nmaksimova//AbacusSummit_base_c000_ph000/multipole
#   MunmapThreadCore: 69
#   NGPUThreadCores: 2
#   NLightCones: 3
#   NP: 330225942528
#   N_ncdm: 1.0
#   N_ur: 2.0328
#   NearFieldRadius: 2
#   NodeRank: 0
#   NodeSize: 0
#   NumSlabsInsertList: 2
#   NumSlabsInsertListIC: 8
#   OMP_NUM_THREADS: 70
#   OMP_PLACES: '{0}:17:4,{1}:17:4,{88}:18:4,{89}:18:4'
#   OMP_PROC_BIND: spread
[...]
#   StateIOMode: overwrite
#   TaylorDirectory: /dev/shm/nmaksimova//AbacusSummit_base_c000_ph000/taylor
#   Time: 0.376363638775972
#   TimeSliceRedshifts: !!python/tuple [3.0, 2.5, 2.0, 1.7, 1.4, 1.1, 0.8, 0.5, 0.4, 0.3, 0.2, 0.1]
#   TimeSliceRedshifts_Subsample: !!python/tuple [3.0, 2.5, 2.0, 1.7, 1.4, 1.1, 0.8, 0.5, 0.4, 0.3, 0.2, 0.1]
#   TimeStepAccel: 0.25
#   TimeStepDlna: 0.03
#   VelZSpace_to_Canonical: 0.43046893714153
#   VelZSpace_to_kms: 180796.9535994426
#   WorkingDirectory: /gpfs/alpine/proj-shared/ast145/AbacusSummit/AbacusSummit_base_c000_ph000
#   ZD_NumBlock: 384
#   ZD_PLT_filename: /ccs/home/nmaksimova/abacus/external/zeldovich-PLT/eigmodes128
#   ZD_PLT_target_z: 12.0
#   ZD_Pk_file_redshift: 1.0
#   ZD_Pk_filename: /ccs/home/nmaksimova/abacus/external/AbacusSummit/Cosmologies/abacus_cosm000/CLASS_power
#   ZD_Pk_norm: 8.0
#   ZD_Pk_scale: 1.0
#   ZD_Pk_sigma_ratio: 0.02113950155394198
#   ZD_Pk_smooth: 0.0
#   ZD_Seed: 12321
#   ZD_Version: 2
#   ZD_f_cluster: 0.9954948095129318
#   ZD_k_cutoff: 1.0
#   ZD_mpirun_cmd: jsrun -n1 -cALL_CPUS -a1 -r1 -b rs
#   ZD_qPLT: 1
#   ZD_qPLT_rescale: 1
#   ZeldovichDirectory: /ccs/home/nmaksimova/abacus/external/zeldovich-PLT
#   checkpoint_timeout: 5
#   etaD: -5.274896394914925
#   etaK: 2.420543900226161
#   f_growth: 0.888694616811426
#   fsmooth: 0.004505190487068
#   hMpc: 1
#   mpirun_cmd: jsrun -nALL_HOSTS -cALL_CPUS -a1 -r1 -gALL_GPUS -b none
#   n_s: 0.9649
#   omega_b: 0.02237
#   omega_cdm: 0.12
#   omega_ncdm: 0.0006442
#   ppd: 6912.0
#   step_timeout: 15
#   w: -1.0
#   w0: -1.0
#   wa: 0.0
# schema: astropy-2.0
kmin kmax kavg power N_modes
[from data line 1958]
3.0756192078644076 3.0771900041912024 3.07640374938817 17.67179 6049030
3.0771900041912024 3.0787608005179976 3.077975807713834 17.651875 6019104
3.0787608005179976 3.0803315968447924 3.0795472547010108 17.63863 6054122
3.0803315968447924 3.081902393171587 3.0811175678116727 17.62141 6021504
3.081902393171587 3.083473189498382 3.0826875931371562 17.614906 6067866
3.083473189498382 3.0850439858251772 3.0842574464869488 17.595259 6030912
3.0850439858251772 3.086614782151972 3.0858291538602995 17.592163 6092750
3.086614782151972 3.088185578478767 3.087400201461643 17.580166 6038636
3.088185578478767 3.0897563748055616 3.088968967377854 17.55274 6090382
3.0897563748055616 3.0913271711323564 3.0905407541512977 17.55612 6071696
3.0913271711323564 3.0928979674591517 3.092111844645382 17.535362 6097002
3.0928979674591517 3.0944687637859465 3.093681042555825 17.517752 6072952
3.0944687637859465 3.0960395601127413 3.095251831435627 17.505713 6118118
3.0960395601127413 3.097610356439536 3.0968239243234317 17.502584 6095324
3.097610356439536 3.099181152766331 3.0983972189325915 17.48373 6141966
3.099181152766331 3.100751949093126 3.0999674306954472 17.465738 6084256
3.100751949093126 3.102322745419921 3.101538000746387 17.456556 6153178
3.102322745419921 3.1038935417467157 3.1031095739663823 17.455593 6106800
3.1038935417467157 3.1054643380735105 3.1046803995058365 17.415678 6162630
3.1054643380735105 3.1070351344003058 3.1062507802423203 17.431454 6113252
3.1070351344003058 3.1086059307271006 3.10782143419907 17.391088 6175062
3.1086059307271006 3.1101767270538954 3.1093919981550404 17.399675 6127292
3.1101767270538954 3.11174752338069 3.1109620637199353 17.37366 6184726
3.11174752338069 3.113318319707485 3.1125306843877505 17.356936 6125216
3.113318319707485 3.11488911603428 3.114100568613839 17.337532 6208554
3.11488911603428 3.116459912361075 3.11567269945146 17.339825 6157408
3.116459912361075 3.11803070868787 3.1172432806236796 17.326544 6205246
3.11803070868787 3.1196015050146646 3.1188145136474468 17.301813 6176508
3.1196015050146646 3.12117230134146 3.1203867682145536 17.313925 6228774
3.12117230134146 3.1227430976682546 3.1219587485354876 17.28833 6183848
3.1227430976682546 3.1243138939950494 3.1235297120906163 17.268927 6230994
3.1243138939950494 3.1258846903218442 3.1250989823360973 17.270203 6185512
3.1258846903218442 3.127455486648639 3.1266684606873096 17.241007 6247766
3.127455486648639 3.1290262829754343 3.128241318054203 17.255413 6219940
3.1290262829754343 3.130597079302229 3.129812610656179 17.23831 6249502
3.130597079302229 3.132167875629024 3.131381816196872 17.227886 6218960
3.132167875629024 3.1337386719558187 3.1329535765624112 17.198248 6278146
3.1337386719558187 3.135309468282614 3.134524174122304 17.205719 6223224
3.135309468282614 3.1368802646094087 3.1360944651955127 17.165174 6289850
3.1368802646094087 3.1384510609362035 3.137664679541096 17.17539 6235400
3.1384510609362035 3.1400218572629983 3.1392345951542673 17.169668 6296502
3.1400218572629983 3.141592653589793 3.140806724706702 17.134445 6267636
3.141592653589793 3.1431634499165884 3.142377250267615 17.13317 6300054
3.1431634499165884 3.144734246243383 3.143948438874186 17.104727 6279304
3.144734246243383 3.146305042570178 3.1455208132212067 17.103292 6324034
3.146305042570178 3.1478758388969728 3.147091422791656 17.091734 6280728
3.1478758388969728 3.149446635223768 3.148661600461265 17.079762 6331998
3.149446635223768 3.151017431550563 3.1502331377593085 17.05955 6300316
3.151017431550563 3.1525882278773576 3.151803037364145 17.06055 6334486
3.1525882278773576 3.1541590242041524 3.153371894537878 17.050392 6307224
3.1541590242041524 3.155729820530947 3.1549424392019545 17.019396 6355506
3.155729820530947 3.1573006168577424 3.1565147230580703 17.009012 6335288
3.1573006168577424 3.1588714131845372 3.1580860290341275 17.01398 6363798
3.1588714131845372 3.160442209511332 3.159656612641963 16.996462 6338068
3.160442209511332 3.162013005838127 3.161226619232352 16.983028 6373006
3.162013005838127 3.163583802164922 3.1627965621066694 16.974596 6351652
3.163583802164922 3.165154598491717 3.164366844260531 16.957918 6387446
3.165154598491717 3.1667253948185117 3.165937116260791 16.957478 6361144
3.1667253948185117 3.1682961911453065 3.1675081051112826 16.935831 6408346
3.1682961911453065 3.1698669874721013 3.1690785636790406 16.931856 6373504
3.1698669874721013 3.1714377837988965 3.1706505001156384 16.909382 6426182
3.1714377837988965 3.1730085801256913 3.172221197214925 16.916637 6379684
3.1730085801256913 3.174579376452486 3.1737930808407637 16.888884 6448942
3.174579376452486 3.176150172779281 3.175363682738856 16.878256 6382608
3.176150172779281 3.1777209691060757 3.176933259094816 16.8504 6450186
3.1777209691060757 3.179291765432871 3.1785057835175663 16.850775 6420448
3.179291765432871 3.1808625617596658 3.180077210030907 16.843637 6455494
3.1808625617596658 3.1824333580864606 3.1816480590893295 16.835855 6425692
3.1824333580864606 3.1840041544132553 3.1832200965480286 16.816927 6480622
3.1840041544132553 3.1855749507400506 3.1847907527564745 16.798222 6427444
3.1855749507400506 3.1871457470668454 3.1863606414641024 16.7967 6485678
3.1871457470668454 3.18871654339364 3.1879309171375714 16.776121 6441440
3.18871654339364 3.190287339720435 3.189500507046482 16.779404 6495906
3.190287339720435 3.19185813604723 3.1910717807127056 16.759104 6469536
3.19185813604723 3.193428932374025 3.192643250667202 16.751677 6503838
3.193428932374025 3.19499972870082 3.1942132015092417 16.727747 6473044
3.19499972870082 3.1965705250276146 3.1957849635196967 16.734053 6535126
3.1965705250276146 3.1981413213544094 3.197355775467007 16.69982 6474744
3.1981413213544094 3.1997121176812047 3.1989270140232837 16.698885 6551066
3.1997121176812047 3.2012829140079995 3.200498984911652 16.681507 6494824
3.2012829140079995 3.2028537103347943 3.202067834064446 16.67608 6538766
3.2028537103347943 3.204424506661589 3.203638912309379 16.67133 6522436
3.204424506661589 3.205995302988384 3.2052109129877744 16.658968 6561262
3.205995302988384 3.207566099315179 3.2067798512710075 16.648144 6511512
3.207566099315179 3.209136895641974 3.2083501727821275 16.621668 6583194
3.209136895641974 3.2107076919687687 3.2099214981836006 16.621246 6533912
3.2107076919687687 3.2122784882955635 3.21149139477754 16.608076 6585090
3.2122784882955635 3.2138492846223587 3.2130625893941835 16.61528 6557712
3.2138492846223587 3.2154200809491535 3.214633161421418 16.588907 6588606
3.2154200809491535 3.2169908772759483 3.2162040586349727 16.587692 6575736
