data/AbacusSummit_base_c000_ph000/z1.100/r_smooth_0/power_nfft2048.csv
# %ECSV 0.9
# ---
# datatype:
# - {name: kmin, datatype: float64}
# - {name: kmax, datatype: float64}
# - {name: kavg, datatype: float64}
# - {name: power, datatype: float32}
# - {name: N_modes, datatype: uint64}
# meta:
#   AllowGroupFinding: 1
#   BackupDirectory: /gpfs/alpine/proj-shared/ast145/AbacusSummit/AbacusSummit_base_c000_ph000
#   BackupStepInterval: -1
#   BoxSize: 2000.0
#   BoxSizeHMpc: 2000.0
#   BoxSizeMpc: 2969.1211401425176
#   CPD: 1701
#   CodeVersion: 8d43e2d166b9bcb0168a6ca49a4643d06bfb2625
#   Conv_IOCores: 0
#   Conv_IOMode: overwrite
#   Conv_OMP_NUM_THREADS: 42
#   Conv_OMP_PLACES: '{0}:21:4,{88}:21:4'
#   Conv_OMP_PROC_BIND: spread
#   Conv_zwidth: 0
#   ConvolutionCacheSizeMB: 200
#   ConvolutionL1CacheSizeMB: 0.015625
#   CoordinateDistanceHMpc: 2454.803659423134
#   DeleteICsAfterFirstBackup: 1
#   DeltaEtaDrift: 0.0007906577988272545
#   DeltaRedshift: 0.000714768761372
#   DeltaScaleFactor: 0.00016202393676
#   DeltaTime: 0.000179226480857
#   DensityKernelRad: 0.4
#   DensityKernelRad2: 3.34898e-09
#   DerivativeExpansionRadius: 8
#   DerivativesDirectory: /gpfs/alpine/proj-shared/ast145/Derivatives
#   DirectBPD: 2
#   Do2LPTVelocityRereading: 0
#   DoublePrecision: 0
#   FinalRedshift: 0.1
#   FirstHalfEtaKick: 0.0001882358404348139
#   FoFLinkingLength: !!python/tuple [0.25, 0.25, 0.25]
#   FullStepNumber: 588
#   GPUQueueAssignments: !!python/tuple [0, 0, 0, 1, 1, 1]
#   GPUThreadCoreStart: !!python/tuple [72, 76, 80, 160, 164, 168]
#   GroupDirectory: /gpfs/alpine/proj-shared/ast145/AbacusSummit/AbacusSummit_base_c000_ph000/group
#   GroupRadius: 10
#   Growth: 0.45881233061153
#   Growth_on_a_n: 0.961573390016078
#   H0: 67.36
#   Htime: 0.714476693031116
#   HubbleNow: 1.898368012794148
#   HubbleTimeGyr: 14.516330166270784
#   HubbleTimeHGyr: 9.7782
#   ICFormat: RVZel
#   ICPositionRange: 2000
#   ICVelocity2Displacement: 1.0
#   IOCores: 68
#   InitialConditionsDirectory: /gpfs/alpine/proj-shared/ast145/AbacusSummit/AbacusSummit_base_c000_ph000/ic
#   InitialRedshift: 99.0
#   L0DensityThreshold: 66.99181795120239
#   L1OutputRedshifts: !!python/tuple [8.0, 5.0, 3.0, 2.75, 2.5, 2.25, 2.0, 1.85, 1.7, 1.625, 1.55, 1.475, 1.4, 1.325, 1.25, 1.175, 1.1,
#     1.025, 0.95, 0.875, 0.8, 0.725, 0.65, 0.575, 0.5, 0.45, 0.4, 0.35, 0.3, 0.25, 0.2, 0.15, 0.1]
#   LPTStepNumber: 0
#   LagrangianPTOrder: 2
#   LastHalfEtaKick: 0.0001882038140634812
#   LightConeDirectory: /gpfs/alpine/proj-shared/ast145/AbacusSummit/AbacusSummit_base_c000_ph000/lightcone
#   LightConeOrigins: !!python/tuple [-990.0, -990.0, -990.0, -990.0, -990.0, -2990.0, -990.0, -2990.0, -990.0]
#   LocalWorkingDirectory: /dev/shm/nmaksimova//AbacusSummit_base_c000_ph000
#   LogDirectory: /gpfs/alpine/proj-shared/ast145/AbacusSummit/AbacusSummit_base_c000_ph000/log
#   LogVerbosity: 2
#   MachineName: d14n02
#   MicrostepTimeStep: 0
#   MinL1HaloNP: 35
#   MultipoleDirectory: /dev/shm/nmaksimova//AbacusSummit_base_c000_ph000/multipole
#   MunmapThreadCore: 69
#   NGPUThreadCores: 2
#   NLightCones: 3
#   NP: 330225942528
#   N_ncdm: 1.0
#   N_ur: 2.0328
#   NearFieldRadius: 2
#   NodeRank: 0
#   NodeSize: 0
#   NumSlabsInsertList: 2
#   NumSlabsInsertListIC: 8
#   OMP_NUM_THREADS: 70
#   OMP_PLACES: '{0}:17:4,{1}:17:4,{88}:18:4,{89}:18:4'
#   OMP_PROC_BIND: spread
[...]
#   StateIOMode: overwrite
#   TaylorDirectory: /dev/shm/nmaksimova//AbacusSummit_base_c000_ph000/taylor
#   Time: 0.376363638775972
#   TimeSliceRedshifts: !!python/tuple [3.0, 2.5, 2.0, 1.7, 1.4, 1.1, 0.8, 0.5, 0.4, 0.3, 0.2, 0.1]
#   TimeSliceRedshifts_Subsample: !!python/tuple [3.0, 2.5, 2.0, 1.7, 1.4, 1.1, 0.8, 0.5, 0.4, 0.3, 0.2, 0.1]
#   TimeStepAccel: 0.25
#   TimeStepDlna: 0.03
#   VelZSpace_to_Canonical: 0.43046893714153
#   VelZSpace_to_kms: 180796.9535994426
#   WorkingDirectory: /gpfs/alpine/proj-shared/ast145/AbacusSummit/AbacusSummit_base_c000_ph000
#   ZD_NumBlock: 384
#   ZD_PLT_filename: /ccs/home/nmaksimova/abacus/external/zeldovich-PLT/eigmodes128
#   ZD_PLT_target_z: 12.0
#   ZD_Pk_file_redshift: 1.0
#   ZD_Pk_filename: /ccs/home/nmaksimova/abacus/external/AbacusSummit/Cosmologies/abacus_cosm000/CLASS_power
#   ZD_Pk_norm: 8.0
#   ZD_Pk_scale: 1.0
#   ZD_Pk_sigma_ratio: 0.02113950155394198
#   ZD_Pk_smooth: 0.0
#   ZD_Seed: 12321
#   ZD_Version: 2
#   ZD_f_cluster: 0.9954948095129318
#   ZD_k_cutoff: 1.0
#   ZD_mpirun_cmd: jsrun -n1 -cALL_CPUS -a1 -r1 -b rs
#   ZD_qPLT: 1
#   ZD_qPLT_rescale: 1
#   ZeldovichDirectory: /ccs/home/nmaksimova/abacus/external/zeldovich-PLT
#   checkpoint_timeout: 5
#   etaD: -5.274896394914925
#   etaK: 2.420543900226161
#   f_growth: 0.888694616811426
#   fsmooth: 0.004505190487068
#   hMpc: 1
#   mpirun_cmd: jsrun -nALL_HOSTS -cALL_CPUS -a1 -r1 -gALL_GPUS -b none
#   n_s: 0.9649
#   omega_b: 0.02237
#   omega_cdm: 0.12
#   omega_ncdm: 0.0006442
#   ppd: 6912.0
#   step_timeout: 15
#   w: -1.0
#   w0: -1.0
#   wa: 0.0
# schema: astropy-2.0
kmin kmax kavg power N_modes
[from data line 1739]
2.7316148122963253 2.73318560862312 2.732400904727787 21.01981 4727612
2.73318560862312 2.734756404949915 2.733970558667367 20.98178 4779094
2.734756404949915 2.73632720127671 2.735541716766572 21.002495 4746384
2.73632720127671 2.737897997603505 2.7371128822076245 20.983414 4787594
2.737897997603505 2.7394687939302997 2.738684084767923 20.943409 4757856
2.7394687939302997 2.7410395902570945 2.7402541674298115 20.912338 4795806
2.7410395902570945 2.7426103865838893 2.7418251525997768 20.918089 4769948
2.7426103865838893 2.7441811829106846 2.7433963895067572 20.888239 4809558
2.7441811829106846 2.7457519792374794 2.744968191366781 20.865736 4786548
2.7457519792374794 2.747322775564274 2.746540556825301 20.873964 4821318
2.747322775564274 2.748893571891069 2.748109443565454 20.856838 4777168
2.748893571891069 2.750464368217864 2.7496782108873914 20.826159 4831186
2.750464368217864 2.752035164544659 2.751248754712747 20.802008 4800616
2.752035164544659 2.753605960871454 2.7528199079985503 20.822695 4843246
2.753605960871454 2.7551767571982486 2.7543900490427626 20.774424 4806004
2.7551767571982486 2.7567475535250434 2.755961397139686 20.76113 4864574
2.7567475535250434 2.7583183498518387 2.7575332187966155 20.73401 4817752
2.7583183498518387 2.7598891461786335 2.7591043109743416 20.739044 4870138
2.7598891461786335 2.7614599425054283 2.760674818289831 20.719908 4825816
2.7614599425054283 2.763030738832223 2.7622425932791637 20.689655 4867478
2.763030738832223 2.7646015351590183 2.7638137302307717 20.673111 4853996
2.7646015351590183 2.766172331485813 2.7653855556944738 20.671005 4882038
2.766172331485813 2.767743127812608 2.7669536142047897 20.641014 4845560
2.767743127812608 2.7693139241394027 2.7685255432396185 20.628107 4913386
2.7693139241394027 2.7708847204661975 2.7700980132627797 20.615383 4861192
2.7708847204661975 2.7724555167929927 2.7716690333038523 20.584957 4917802
2.7724555167929927 2.7740263131197875 2.7732411204536502 20.559065 4876928
2.7740263131197875 2.7755971094465823 2.7748121082599413 20.585484 4919886
2.7755971094465823 2.777167905773377 2.776381562184536 20.521873 4881852
2.777167905773377 2.7787387021001724 2.777951564447256 20.545675 4935030
2.7787387021001724 2.780309498426967 2.779524576237205 20.537582 4908832
2.780309498426967 2.781880294753762 2.78109704173929 20.484299 4941682
2.781880294753762 2.7834510910805568 2.782666062630995 20.479574 4902672
2.7834510910805568 2.7850218874073516 2.784235524071429 20.48022 4953390
2.7850218874073516 2.786592683734147 2.7858069438642574 20.465212 4925884
2.786592683734147 2.7881634800609416 2.7873776965703017 20.451153 4960822
2.7881634800609416 2.7897342763877364 2.788947107706505 20.41378 4929448
2.7897342763877364 2.791305072714531 2.79051913231965 20.398882 4986746
2.791305072714531 2.7928758690413265 2.792091544906464 20.37192 4942344
2.7928758690413265 2.7944466653681213 2.7936608951616204 20.371405 4982510
2.7944466653681213 2.796017461694916 2.7952326047812623 20.329475 4963740
2.796017461694916 2.797588258021711 2.796804651540016 20.329351 4997750
2.797588258021711 2.7991590543485056 2.7983747948263247 20.307209 4964196
2.7991590543485056 2.800729850675301 2.799945735932799 20.285282 5014902
2.800729850675301 2.8023006470020957 2.8015176634115204 20.29602 4977128
2.8023006470020957 2.8038714433288905 2.8030871733343115 20.274155 5013138
2.8038714433288905 2.8054422396556853 2.8046559445933656 20.246056 4986408
2.8054422396556853 2.8070130359824805 2.8062257280926004 20.20126 5025990
2.8070130359824805 2.8085838323092753 2.8077975313975716 20.198065 5011116
2.8085838323092753 2.81015462863607 2.809367280893677 20.185093 5027702
2.81015462863607 2.811725424962865 2.8109364311693943 20.18609 5017048
2.811725424962865 2.8132962212896597 2.812508396937062 20.168518 5055034
2.8132962212896597 2.814867017616455 2.8140802139360663 20.158602 5030136
2.814867017616455 2.8164378139432498 2.8156500361859678 20.154514 5052534
2.8164378139432498 2.8180086102700446 2.8172213329916764 20.106268 5048396
2.8180086102700446 2.8195794065968394 2.81879404027467 20.121798 5074830
2.8195794065968394 2.8211502029236346 2.8203626494347405 20.094889 5035816
2.8211502029236346 2.8227209992504294 2.8219339762188858 20.064342 5099018
2.8227209992504294 2.824291795577224 2.8235057806186474 20.033531 5051848
2.824291795577224 2.825862591904019 2.8250756840471114 20.044601 5099602
2.825862591904019 2.827433388230814 2.8266462722878103 20.027277 5068464
2.827433388230814 2.829004184557609 2.8282182248047603 19.988054 5115654
2.829004184557609 2.830574980884404 2.829789689425665 19.983213 5077364
2.830574980884404 2.8321457772111986 2.8313598089551735 19.967134 5122446
2.8321457772111986 2.8337165735379934 2.8329313870394004 19.965944 5093648
2.8337165735379934 2.8352873698647882 2.8345032673033836 19.961163 5136738
2.8352873698647882 2.8368581661915835 2.8360711195175816 19.905146 5081136
2.8368581661915835 2.8384289625183783 2.8376406184974123 19.915176 5157198
2.8384289625183783 2.839999758845173 2.83921547842578 19.880959 5125772
2.839999758845173 2.841570555171968 2.840786392362039 19.888855 5145822
2.841570555171968 2.843141351498763 2.842355322030936 19.869772 5124328
2.843141351498763 2.844712147825558 2.8439275229220558 19.847048 5174090
2.844712147825558 2.8462829441523527 2.8454984568905224 19.827408 5130864
2.8462829441523527 2.8478537404791475 2.847067839312869 19.80716 5175950
2.8478537404791475 2.8494245368059423 2.848638311531044 19.807098 5148124
2.8494245368059423 2.8509953331327376 2.850209770201273 19.773369 5193182
2.8509953331327376 2.8525661294595324 2.851781168976706 19.77107 5159044
2.8525661294595324 2.854136925786327 2.8533519555489315 19.760386 5203798
2.854136925786327 2.855707722113122 2.8549231050466037 19.719625 5169360
2.855707722113122 2.857278518439917 2.856494832206241 19.723242 5219474
2.857278518439917 2.858849314766712 2.8580647160916843 19.705124 5170504
2.858849314766712 2.860420111093507 2.8596340048105184 19.668036 5225126
2.860420111093507 2.8619909074203016 2.8612040202758244 19.63978 5186564
2.8619909074203016 2.8635617037470964 2.8627742320685203 19.651714 5238798
2.8635617037470964 2.8651325000738916 2.86434587997745 19.595778 5209168
2.8651325000738916 2.8667032964006864 2.865917368332945 19.600765 5245106
2.8667032964006864 2.8682740927274812 2.867486805465267 19.592701 5209944
2.8682740927274812 2.869844889054276 2.8690577156562393 19.593613 5268350
2.869844889054276 2.8714156853810713 2.8706315629135832 19.56906 5235724
2.8714156853810713 2.872986481707866 2.872202941164087 19.550808 5266094
2.872986481707866 2.874557278034661 2.8737716267389652 19.53581 5229860
2.874557278034661 2.8761280743614557 2.875341524751466 19.532944 5284950
2.8761280743614557 2.8776988706882505 2.876913897553479 19.49523 5257560
2.8776988706882505 2.8792696670150457 2.878485532708472 19.478106 5291282
2.8792696670150457 2.8808404633418405 2.8800546127138142 19.490225 5254936
2.8808404633418405 2.8824112596686353 2.8816255607716466 19.481644 5311526
2.8824112596686353 2.88398205599543 2.8831959742218465 19.443697 5264636
2.88398205599543 2.8855528523222254 2.8847661519144525 19.419739 5322174
2.8855528523222254 2.88712364864902 2.886337260005553 19.419205 5279840
2.88712364864902 2.888694444975815 2.8879085029449807 19.381067 5335114
2.888694444975815 2.8902652413026098 2.889479026189564 19.39021 5288248
2.8902652413026098 2.8918360376294046 2.891048653426067 19.356209 5342806
2.8918360376294046 2.8934068339562 2.8926217568026322 19.353785 5318108
2.8934068339562 2.8949776302829946 2.894192996274405 19.323917 5344254
2.8949776302829946 2.8965484266097894 2.895760915027778 19.321402 5309832
2.8965484266097894 2.898119222936584 2.8973320411896744 19.304718 5373522
2.898119222936584 2.8996900192633794 2.898905111583675 19.299194 5333832
2.8996900192633794 2.9012608155901742 2.9004748865266294 19.251942 5365466
2.9012608155901742 2.902831611916969 2.9020447474265145 19.252958 5347024
2.902831611916969 2.904402408243764 2.903617298898142 19.236816 5391758
2.904402408243764 2.9059732045705586 2.905187286671722 19.221579 5344180
2.9059732045705586 2.907544000897354 2.906756661388409 19.207726 5400022
2.907544000897354 2.9091147972241487 2.9083288125702604 19.229795 5371328
2.9091147972241487 2.9106855935509435 2.9099006704248658 19.182896 5410858
2.9106855935509435 2.9122563898777383 2.911470175018208 19.170301 5368496
2.9122563898777383 2.913827186204533 2.913039145231586 19.163113 5416470
2.913827186204533 2.9153979825313283 2.914609755113064 19.138449 5391340
2.9153979825313283 2.916968778858123 2.916182180203896 19.122225 5442598
2.916968778858123 2.918539575184918 2.9177527913441916 19.121529 5393184
2.918539575184918 2.9201103715117127 2.919324317981458 19.10072 5454954
2.9201103715117127 2.921681167838508 2.920897310699359 19.077532 5415416
2.921681167838508 2.9232519641653028 2.9224685283022596 19.057667 5458350
2.9232519641653028 2.9248227604920976 2.9240390556852334 19.058147 5419380
2.9248227604920976 2.9263935568188923 2.925609216028684 19.0416 5467590
2.9263935568188923 2.927964353145687 2.9271784429532284 19.017551 5425052
2.927964353145687 2.9295351494724824 2.928748541928831 19.008406 5487390
2.9295351494724824 2.931105945799277 2.9303202394203742 18.994196 5443824
2.931105945799277 2.932676742126072 2.931890465819983 18.959661 5492874
2.932676742126072 2.934247538452867 2.9334620420197814 18.966513 5464400
2.934247538452867 2.935818334779662 2.935033849658468 18.951675 5501742
2.935818334779662 2.937389131106457 2.9366035934198917 18.928196 5465604
2.937389131106457 2.9389599274332516 2.9381717046533242 18.89023 5503142
2.9389599274332516 2.9405307237600464 2.9397431470605753 18.87796 5498696
2.9405307237600464 2.9421015200868412 2.9413150347306716 18.87286 5515906
2.9421015200868412 2.9436723164136365 2.9428846288734 18.8462 5498360
2.9436723164136365 2.9452431127404313 2.9444565941474257 18.853992 5544414
2.9452431127404313 2.946813909067226 2.946028218370274 18.824903 5504804
2.946813909067226 2.948384705394021 2.9475998533197 18.81186 5556670
2.948384705394021 2.949955501720816 2.9491704461948727 18.805077 5511000
2.949955501720816 2.951526298047611 2.950740180496314 18.80376 5561450
2.951526298047611 2.9530970943744057 2.952311021340308 18.76469 5529592
2.9530970943744057 2.9546678907012005 2.9538807208852234 18.753204 5567330
2.9546678907012005 2.9562386870279953 2.955450657708078 18.744715 5543608
2.9562386870279953 2.9578094833547905 2.95702461094003 18.72171 5602918
2.9578094833547905 2.9593802796815853 2.9585966875607115 18.73483 5546372
2.9593802796815853 2.96095107600838 2.9601665037944884 18.697346 5599230
2.96095107600838 2.962521872335175 2.9617354325799234 18.696754 5548368
2.962521872335175 2.96409266866197 2.963305379523579 18.682419 5620074
2.96409266866197 2.965663464988765 2.964877550162502 18.642326 5577224
2.965663464988765 2.96723426131556 2.966445745396709 18.647858 5603862
2.96723426131556 2.9688050576423546 2.968017477623811 18.634813 5609868
2.9688050576423546 2.9703758539691494 2.9695919918956553 18.633493 5640246
2.9703758539691494 2.9719466502959446 2.971164029352769 18.61145 5603720
2.9719466502959446 2.9735174466227394 2.9727345640742233 18.586897 5638386
2.9735174466227394 2.9750882429495342 2.974303326367046 18.565552 5606312
2.9750882429495342 2.976659039276329 2.97587357575658 18.548527 5659134
2.976659039276329 2.9782298356031243 2.9774444168904792 18.54773 5622596
2.9782298356031243 2.979800631929919 2.9790141843210636 18.50602 5662894
2.979800631929919 2.981371428256714 2.9805836136239736 18.500525 5633076
2.981371428256714 2.9829422245835087 2.982156921023747 18.494507 5702846
2.9829422245835087 2.9845130209103035 2.9837285598375347 18.484268 5630016
2.9845130209103035 2.9860838172370987 2.9852977220629664 18.445007 5700114
2.9860838172370987 2.9876546135638935 2.986869179982812 18.447102 5659984
2.9876546135638935 2.9892254098906883 2.988438910359199 18.452286 5697286
2.9892254098906883 2.990796206217483 2.9900099204716075 18.442413 5679532
2.990796206217483 2.9923670025442783 2.9915807272384143 18.4121 5709566
2.9923670025442783 2.993937798871073 2.9931503059657136 18.387972 5684096
2.993937798871073 2.995508595197868 2.994723326354938 18.371374 5742546
2.995508595197868 2.9970793915246627 2.996295778503409 18.37778 5695040
2.9970793915246627 2.9986501878514575 2.9978655853060943 18.345316 5736318
2.9986501878514575 3.000220984178253 2.9994355520134004 18.350933 5704604
3.000220984178253 3.0017917805050476 3.0010064453994674 18.330538 5757694
3.0017917805050476 3.0033625768318424 3.00257671547664 18.314331 5713008
3.0033625768318424 3.004933373158637 3.004146890035906 18.29486 5766194
3.004933373158637 3.006504169485432 3.0057176729104653 18.286598 5728392
3.006504169485432 3.008074965812227 3.007288507833434 18.266079 5781354
3.008074965812227 3.009645762139022 3.008859843569744 18.255264 5746000
3.009645762139022 3.011216558465817 3.010429551047138 18.2172 5777062
3.011216558465817 3.0127873547926116 3.011999123177678 18.227222 5758316
3.0127873547926116 3.014358151119407 3.0135694797115673 18.22415 5797894
3.014358151119407 3.0159289474462017 3.015140350767564 18.19773 5771744
3.0159289474462017 3.0174997437729965 3.016712451293261 18.16701 5816538
3.0174997437729965 3.0190705400997913 3.018281875908215 18.16315 5767544
3.0190705400997913 3.020641336426586 3.0198518381563666 18.154016 5832102
3.020641336426586 3.0222121327533813 3.0214254898517425 18.146278 5803820
3.0222121327533813 3.023782929080176 3.0229980866452766 18.13582 5841454
3.023782929080176 3.025353725406971 3.0245669354131333 18.110939 5787152
3.025353725406971 3.0269245217337657 3.026137416206196 18.087551 5862186
3.0269245217337657 3.028495318060561 3.0277098657639963 18.077955 5815240
3.028495318060561 3.0300661143873557 3.0292786721299056 18.068665 5850146
3.0300661143873557 3.0316369107141505 3.0308488115732044 18.06163 5833960
3.0316369107141505 3.0332077070409453 3.0324222943462122 18.059328 5885326
3.0332077070409453 3.03477850336774 3.0339938323774054 18.045734 5836380
3.03477850336774 3.0363492996945354 3.0355636393085463 18.016752 5884358
3.0363492996945354 3.03792009602133 3.037134448294796 17.998413 5853320
3.03792009602133 3.039490892348125 3.0387060895661815 17.96176 5901754
3.039490892348125 3.0410616886749198 3.040275136387801 17.962318 5850472
3.0410616886749198 3.042632485001715 3.0418449277154322 17.955612 5916694
3.042632485001715 3.04420328132851 3.043417839371619 17.958145 5884724
3.04420328132851 3.0457740776553046 3.0449903727079235 17.942142 5928622
3.0457740776553046 3.0473448739820994 3.0465595190367996 17.932547 5870672
3.0473448739820994 3.048915670308894 3.0481306855734287 17.918201 5954778
3.048915670308894 3.0504864666356895 3.0497028051023176 17.885199 5891656
3.0504864666356895 3.0520572629624843 3.051270723559678 17.872852 5937158
3.0520572629624843 3.053628059289279 3.0528418948866216 17.853073 5923820
3.053628059289279 3.055198855616074 3.054414497456989 17.850367 5960598
3.055198855616074 3.056769651942869 3.0559858633967134 17.85727 5930164
3.056769651942869 3.058340448269664 3.0575569097594792 17.80386 5970214
3.058340448269664 3.0599112445964587 3.0591269836634947 17.803547 5930968
3.0599112445964587 3.0614820409232535 3.060696020582695 17.813162 5977034
3.0614820409232535 3.0630528372500483 3.0622657155489588 17.774628 5950224
3.0630528372500483 3.0646236335768435 3.063835551593269 17.757385 5987246
3.0646236335768435 3.0661944299036383 3.0654065567074484 17.771734 5972276
3.0661944299036383 3.067765226230433 3.066978547224236 17.740387 6009070
3.067765226230433 3.069336022557228 3.068550055012902 17.719778 5977200
3.069336022557228 3.070906818884023 3.070121371086217 17.714664 6020954
3.070906818884023 3.072477615210818 3.0716915692532205 17.70707 5983920
3.072477615210818 3.0740484115376128 3.0732619648233817 17.680063 6031878
